EGYPTIAN 97ITEMS A SCOREKEY
00971043
   P      E       N     L
08192020
007019034037045049053061
013017026030035039043047059063067071075079083094096051087
002006010014018022036044052056060061062064068072076078080088
008024028033038046050054082004011016020042070074077086089095
   NO   NOANSWER  YES
000001
000001
000001
000001
000001
000001
000001
000001
000001
000001
000001
000001
000001
000001
000001
000001
000001
000001
000001
000001
000001
000001
000001
000001
000001
01
01
000001
000001
000001
000001
000001
000001
000001
000001
000001
000001
000001
000001
000001
000001
000001
000001
000001
000001
000001
000001
000001
000001
000001
000001
000001
000001
000001
000001
000001
01
01
01
01
01
01
01
01
01
01
01
