ICELAND DATA 97 ITEMS
00971043     11121314
  P       E     N       L
16182824
003007012015019021037041049053057063097032040069
005013017026030035039043059067075079083090002009051087
006010014018022023027029031034036044045048052056060061064068072073076078080085
088094
008024028033038046050054058066081082004011016020042070074077086089091095
   NO   NOANSWER  YES
000001
000001
000001
000001
000001
000001
000001
000001
000001
000001
000001
000001
000001
01
01
01
000001
000001
000001
000001
000001
000001
000001
000001
000001
000001
000001
000001
000001
000001
01
01
01
01
000001
000001
000001
000001
000001
000001
000001
000001
000001
000001
000001
000001
000001
000001
000001
000001
000001
000001
000001
000001
000001
000001
000001
000001
000001
000001
000001
000001
000001
000001
000001
000001
000001
000001
000001
000001
000001
000001
000001
000001
01
01
01
01
01
01
01
01
01
01
01
01
0211801137
(I5,I2,I1,2X,70I1)
