IRAN 97 ITEMS MALES AND FEMALES - 1992
00971043
   P      E       N     L
12152317
003007012015019029037049053062092093
026030035043047055059063067075079083090096087
002006010014018022031034036040044048052056060061068072076078080084088
008024033038046050054058066082004016020042070086089
   NO   NOANSWER  YES
000001
000001
000001
000001
000001
000001
000001
000001
000001
000001
000001
000001
000001
000001
000001
000001
000001
000001
000001
000001
000001
000001
000001
000001
000001
000001
01
000001
000001
000001
000001
000001
000001
000001
000001
000001
000001
000001
000001
000001
000001
000001
000001
000001
000001
000001
000001
000001
000001
000001
000001
000001
000001
000001
000001
000001
000001
000001
000001
000001
01
01
01
01
01
01
01
0211801137
(I5,I2,I1,2X,70I1)
(I5,I2,I1,2X,70I1)
