PORTUGUESE EPQ 106 ITEMS
01061043
18202518
003007012015019023034037041045049053061062073078092106
001013021026030035043047057059063065067075079083090093096051
002006010014018022027031036040044048052056060064068072076080088094100101102
008011024028033038046050054058066020042070086089095103
   NO   NOANSWER  YES
000001
000001
000001
000001
000001
000001
000001
000001
000001
000001
000001
000001
000001
000001
000001
000001
000001
000001
000001
000001
000001
000001
000001
000001
000001
000001
000001
000001
000001
000001
000001
000001
000001
000001
000001
000001
000001
01
000001
000001
000001
000001
000001
000001
000001
000001
000001
000001
000001
000001
000001
000001
000001
000001
000001
000001
000001
000001
000001
000001
000001
000001
000001
000001
000001
000001
000001
000001
000001
000001
000001
000001
000001
000001
01
01
01
01
01
01
01
0211801146
(I5,I2,I1,2X,70I1)
(I5,I2,I1,2X,70I1)
