PUERTORICAN SCORE KEY - JEPQ - 18/6/86 - FIRST TRY ...
01041043
PSYCHOT EXTRAVERNEUROTICSOCDESR
21192222
003012015023037041045053061062065087097100102027059069081083101
013017021026030035039043047057063067071075079090093096098
006010014018022031034036044048052056060064068078080085088094099103
008011024028038046050054058004007016019020042049070074077086089095
  NO    NOANSWER   YES
000001
000001
000001
000001
000001
000001
000001
000001
000001
000001
000001
000001
000001
000001
000001
01
01
01
01
01
01
000001
000001
000001
000001
000001
000001
000001
000001
000001
000001
000001
000001
000001
000001
000001
000001
000001
000001
000001
000001
000001
000001
000001
000001
000001
000001
000001
000001
000001
000001
000001
000001
000001
000001
000001
000001
000001
000001
000001
000001
000001
000001
000001
000001
000001
000001
000001
000001
000001
000001
000001
01
01
01
01
01
01
01
01
01
01
01
01
01
0211801144
(I5,I2,I1,2X,70I1)
(I5,I2,I1,2X,70I1)
