SWEDISH 97 ITEMS EPQ
00971043
   P      E       N      L
21242222
003007012015019023034037041045049053057061062073078092032069081
001005013017021026030035039043047055059063067071075079083093096009051087
002006010014018022027031036040044048052056060064068072076080088094
008024028033038046050054058066082004011016020042070074077086089095
  NO   NOANSWER  YES
000001
000001
000001
000001
000001
000001
000001
000001
000001
000001
000001
000001
000001
000001
000001
000001
000001
000001
01
01
01
000001
000001
000001
000001
000001
000001
000001
000001
000001
000001
000001
000001
000001
000001
000001
000001
000001
000001
000001
000001
000001
01
01
01
000001
000001
000001
000001
000001
000001
000001
000001
000001
000001
000001
000001
000001
000001
000001
000001
000001
000001
000001
000001
000001
000001
000001
000001
000001
000001
000001
000001
000001
000001
000001
000001
000001
01
01
01
01
01
01
01
01
01
01
01
0211801137
(I5,I2,I1,2X,70I1)
(I5,I2,I1,2X,70I1)
