BANGLADESH EPQ 97 ITEMS MALE AND FEMALE 6th SCOREKEY
00971043
   P      E       N     L
10182220
003007012023053074092032069081
013017030035039043047055059063067075079083090096051087
006010014018022027031036040044048052056060064068071072076078080088
008024033038050054058066082004011016020042062070077086089095
   NO   NOANSWER  YES
000001
000001
000001
000001
000001
000001
000001
01
01
01
000001
000001
000001
000001
000001
000001
000001
000001
000001
000001
000001
000001
000001
000001
000001
000001
01
01
000001
000001
000001
000001
000001
000001
000001
000001
000001
000001
000001
000001
000001
000001
000001
000001
000001
000001
000001
000001
000001
000001
000001
000001
000001
000001
000001
000001
000001
000001
000001
01
01
01
01
01
01
01
01
01
01
01
0211801137
(I5,I2,I1,2X,70I1)
(I5,I2,I1,2X,70I1)
