CATALAN JUNIOR EPQ 119 ITEMS
01191043
   P       E        N       L
18242321
003007012015019023035039046050054069079100118026030063
001005013017021025028033037041044056058061065067070074081082086111113009
002006010014018022029034038045049053059062068071077080083091097101117
008024027031036043047051060089098104107011016020040064075078108
   NO   NOANSWER  YES
000001
000001
000001
000001
000001
000001
000001
000001
000001
000001
000001
000001
000001
000001
000001
01
01
01
000001
000001
000001
000001
000001
000001
000001
000001
000001
000001
000001
000001
000001
000001
000001
000001
000001
000001
000001
000001
000001
000001
000001
01
000001
000001
000001
000001
000001
000001
000001
000001
000001
000001
000001
000001
000001
000001
000001
000001
000001
000001
000001
000001
000001
000001
000001
000001
000001
000001
000001
000001
000001
000001
000001
000001
000001
000001
000001
000001
01
01
01
01
01
01
01
01
0211801159
(I4,I2,I1,3X,70I1)
(I4,I2,I1,3X,70I1)
