ISRAEL 97 ITEMS EPQ
00971043
   P      E       N      L
19172019
003007012015019021023037041045053057061065096097032069081
001005013017030035039047059067075079083090009051087
002006010014018022027031036040048052056064068072076080088094
008024028033038050054066082004011016020042049070077086089
   NO   NOANSWER  YES
000001
000001
000001
000001
000001
000001
000001
000001
000001
000001
000001
000001
000001
000001
000001
000001
01
01
01
000001
000001
000001
000001
000001
000001
000001
000001
000001
000001
000001
000001
000001
000001
01
01
01
000001
000001
000001
000001
000001
000001
000001
000001
000001
000001
000001
000001
000001
000001
000001
000001
000001
000001
000001
000001
000001
000001
000001
000001
000001
000001
000001
000001
000001
01
01
01
01
01
01
01
01
01
01
0211801137
(I5,I2,I1,2X,70I1)
(I5,I2,I1,2X,70I1)
