MEXICAN JUNIOR EPQ 97 ITEMS 
00971043
   P      E       N     L
16232320
003007012019023037041045049053061065078092069081
001005013017021026030035039043047055059063067075079083090093096051087
002006010014018022027031034036040044048052060064068076080084085088094
008024028033038046050054066082004011016020042070077086089095
   NO   NOANSWER  YES
000001
000001
000001
000001
000001
000001
000001
000001
000001
000001
000001
000001
000001
000001
01
01
000001
000001
000001
000001
000001
000001
000001
000001
000001
000001
000001
000001
000001
000001
000001
000001
000001
000001
000001
000001
000001
01
01
000001
000001
000001
000001
000001
000001
000001
000001
000001
000001
000001
000001
000001
000001
000001
000001
000001
000001
000001
000001
000001
000001
000001
000001
000001
000001
000001
000001
000001
000001
000001
000001
000001
01
01
01
01
01
01
01
01
01
01
0211801137
(I5,I2,I1,2X,70I1)
(I5,I2,I1,2X,70I1)
