EIRE 97 ITEMS
00015   11501331311111131311133333311131313131133113313 X
00015   115023111311311113313311311113133331133113131311313333133131
00015   31501111313111113313131311113111333333111313313 X
00015   315023311331113111313311113113333331311112131131311133113131
00015   41511331311131133311333333311133111111131113113 X
00015   415123111313311113113311133113333131131111311311113111111311
00015   51501311131111331311131311113133333333333133313 X
00015   515023113133313111113331113133133133333111133333113111113331
00015   61501331313111331311133133111333311311133131313 X
00015   615023111333113133313313133131333331311113333331133133113131
00015   71501331311131311333131111313333311333131131311 X
00015   715023113311131131113313113331133331113111333133131131313111
00015   91411311113111331311333331311133133331133111113 X
00015   914123113311313113313311133133331111331113333333113333313331
00015  101511331131113331333333133313131113333333333331 X
00015  1015121333131131313313133313111113313113131113313313313313111
00015  111411331311111131313133133111133113131131113113 X
00015  1114123111311111113311311111333133311311113133111311131131131
00015  121511331313111131133333133311333111131333111313 X
00015  1215121113131133113311311313311333331333111133331313311113331
00015  131411331131131331331133131311333313333311131313 X
00015  1314123211331313121111131133111133133133111333133131331113111
00015  141401331111111311331133133313311331333233113311 X
00015  1414023113333313113333311131113331331313113133131111131113111
00015  151411331331111131333333331331113113133133111313 X
00015  1514121111313113113113311133131113313311111313313111333331111
00015  161411331331111131111333333311133131331333111313 X
00015  1614123311313133113311311333331333331313131331331333133133331
00015  171411333133311331331333333331331113131331313113 X
00015  1714123131313313113311311313333113333331113133313333313131331
00015  181411331313111133333133333313313311133113131333 X
00015  1814121113111111331131133111331333331331131333313113331131331
00015  191511331333111113333333133311131313131131113313 X
00015  1915123133313113113311311333313133333331333333331313133111331
00015  201411311113111333311331333111131111111133111111 X
00015  2014123111313113111111311131313133331331131133331311131111131
00015  211411331313311131313333133111133111111233113313 X
00015  2114123111333111113111311333113113131333312113331311333133333
00015  221511333313311331333333331311111113131133113313 X
00015  2215123111313111113311311331111133131311111131331313331331331
00015  231411331313111131331331333331133131133133131333 X
00015  2314123111311113113333311331313313333131133333333311331333331
00015  241411331311131331311333333313131133133333111313 X
00015  2414123311313313113313311131133333333333113333331313131133131
00015  251411311231131331313333333111111111331111313113 X
00015  2514123313313111111311313313133131331133113133331313333111131
00015  261411331133311331313331331111133113311133333113 X
00015  2614123131313311111111333131113133333333133133331311331131113
00015  271411111313111131313331113311131111131331131313 X
00015  2714123111313131113311311133133113111111113133331131331113131
00015  281411311111131131311133131111131113133131113311 X
00015  2814123111313111113313311133113131133331111331331313131133131
00015  291411331331131311311131313113131331113131131111 X
00015  2914123111311311133333311131113133331131111333331311331133111
00015  301411331331111331311331333311331311131131113311 X
00015  3014123111113311113111311131313131331331313133331111331131133
00015  311301331333111131311333133331331333131333113313 X
00015  3113023313313311113313311311113331331311131133113133133133311
00015  321201311333111131311333133313331133133333113313 X
00015  3212023113313111113313311331313133331331113113311313333131331
00015  331301311133311331311333133311131133131133111313 X
00015  3313023113313313113311311131113133311331111133311313333333131
00015  341311331333111131311331133313331311131131111111 X
00015  3413123111313113113311311331113333331131111333333133331133331
00015  351401331333111331331333133331133131333333131133 X
00015  3514023311331133113131333333113333333311133311333313131333333
00015  361201331311113331313333331111333133333333111333 X
00015  3612023111313313113313313133133131331313313113311313333133331
00015  371201331111113331311333331111113133333333111313 X
00015  3712023111311313113313331133133131311313313111331313333133131
00015  381301311111111131331331333111131113131131111313 X
00015  3813023111311113113313311133113133131333113131333313333113331
00015  391311331333111311331331331313313311333133113313 X
00015  3913123311333333131111311133113333331333113333131113131313311
00015  401311331313111333331333333311133131331131111313 X
00015  4013123111333113113311313333311333331311333311333331311313331
00015  411311331331111131333331113111131333131131133313 X
00015  4113123111311111113333311131133133331131313131311313333113131
00015  421311331333111111331131133111131133111131133313 X
00015  4213121311311113133331311113113133333331133113331311133111131
00015  431311331333311333333331333331113133331333311333 X
00015  4313123311333113113311331333133313333333331331331313313313331
00015  441201331331111331311311131311333311311133113313 X
00015  4412021133111131111313311111113133331333111111133311331111311
00015  451311311331111133311333333311131313131133113333 X
00015  4513121113313113113311311331113333331331111311313113131313331
00015  461301131333113111331333333331133131331313113333 X
00015  4613023311311113113311313333311333333333131311333333333333331
00015  471311311311111331311333311111333131311131131131 X
00015  4713123313113133331131333131131311311313331311133311313331311
00015  481211331331111133331331333111333133111113313313 X
00015  4812123111313111313131311333113313331131113111331311311331331
00015  491301331113311331333133133111311111311131133113 X
00015  4913023111313113113111311333113131331133113133331313333133111
00015  501311311331311331311331133131133113131131111113 X
00015  5013123113313111113331311331313331331331333111311311333131331
00015  521501311133111311113333333311111111131133333333 X
00015  5215023311313313113133311331113333331333111133311113131111131
00015  531511311333111331311333333111131111133133133113 X
00015  5315123111313111113311311131113133331331113131311313331131131
00015  541511331333111331311331333311133133133131113313 X
00015  5415123111313333113331331333313133331331333133311313331331331
00015  551511331333111331311331333111333313133131133313 X
00015  5515123111333311113311311331333133331331313131331313333133331
00015  561511311311111331311331333113113111331131131333 X
00015  5615123111313311113331311133333133331333111111333111331111331
00015  571501311111111331331331133113113333333113133313 X
00015  5715023111331313111313331111133133331313111131331111133311111
00015  581401331131111131331333331331113111131131113133 X
00015  5814023111133113113311311113133133331331333131311313333333331
00015  591501331131111131331333133333113113333113133333 X
00015  5915023131131123113113311113113333333333133133311313131131331
00015  601511331313111133333333333311131331331333313113 X
00015  6015123311333311113331311333113333331331111333313313313333333
00015  611511333313311331333331331131113133311333331333 X
00015  6115123331133133113311133313111313333313333311331333333331312
00015  621501311311111331311131133113133113131133113113 X
00015  6215023111311111113133331131113133331131113133311311331111131
00015  631511311311111331311333331311131113111133113113 X
00015  6315123113313113113111311331133333333331313331313311331111331
00015  641401311111131131311131113113131313133131131111 X
00015  6414023113311311113133312131333131311133113333311113131222222
00015  651501311311111131311331313111133111133131113313 X
00015  6515023111311311113111311131313133331331313133311311333131331
00015  661311331311111131333333133311131113111331113313 X
00015  6613123111313113113331311331313333311131113131311313331331331
00015  671411111113111311331131113311313113333113113313 X
00015  6714123311331313113313311113313333333333113331331111133113331
00015  681411311333111133313131133311333333111133111311 X
00015  6814123311313313113311331313313313333331311111311311333331331
00015  691301331331111331311331333113133313333131133313 X
00015  6913023111313111133113311133333133331333113133311311133333331
00015  701411311131131131311131113113331333133131133111 X
00015  7014123113113311113113311131113331311131113133311111131111111
00015  711201331331111331311331333111133313133131133133 X
00015  7112023111311311113313311331313133313133113131111333113131131
00015  721311311333111331311331333311133133131133113311 X
00015  7213123111313113113331311333313133331331133133311311333131331
00015  731301311311111111311331113111111311131131111313 X
00015  7313023111331111111111311333111333311321111333331111131111331
00015  741201311311131131311133133111131311131131111313 X
00015  7412023111313111113111311131313133131131111133331113133311331
00015  751211311331111113313311113111131111133131331313 X
00015  7512123311333311113313311131133331331331113133331111333111331
00015  761301311331111111311333133311131333133131133111 X
00015  7613023111311311113111311131313131311131113133311311333111111
000151 771301311111131111311113111311333331133133133311 X
00015  7713023111311311131313311111333333131311113131313111131131111
00015  781311311331111131311331133113331133133131111113 X
00015  7813123111313311113111311131133133331331313131311313333331331
00015  791301311311111331311131111313131333331311311133 X
00015  7913021313131313311113331331313133311331113133311311333313331
00015  801301311311111311311331331111131113331311111313 X
00015  8013023131331111113311331133113333111331113133331311131333311
00015  811201331313111331311333133311113113333133311313 X
00015  8112023111313111113311331331313333331133313131331313133331331
00015  821211311313111131333331333111331131331333113313 X
00015  8212123131313113113313311133313133333131113111331313313111331
00015  831311331333111331331313313111333113111133111313 X
00015  8313123131333311111311311113113313111331113111331311331313331
00015  841301311313111331311333133111333313333131113313 X
00015  8413023113311111113311311331313133331333313313331313333331331
00015  851301311113111311131133133311313111133133111313 X
00015  8513023111333113113313311313313131331313313333331113133113311
00015  861201331331111131311133133313131113113133113113 X
00015  8612023111313111313311311131333131331331113111311113133133131
00015  871301331311111111313131133113133113333131131113 X
00015  8713023113311311113113311131113133111333113133111311311333111
00015  881301311311331111311131113113131313133131133111 X
00015  8813023113311311113133311131313131111131113133331111131131131
00015  891301311131131111311131113113311313333331131311 X
00015  8913023111331311131113311113133131111131111133331111131113111
00015  901401331313111331331133331111113131331333133313 X
00015  9014023111333113313111311333113133331133313331331313333133331
00015  911401311113331131311131313111311133133131333111 X
00015  9114023111333111113311311331113331333131113133331311331131131
00015  921301331311111111311131331111131131113133111313 X
00015  9213023113133131311133111111333331313111333111333311131111311
00015  931401311133111131311131133111133113133133133313 X
00015  9314023111313313113313311333313333331333313333311113333331331
00015  941301331331111311311331133113133313133131313311 X
00015  9413023113313111113113312331313132112331113331331313131133131
00015  951301331331111311311331133113133313133131313311 X
00015  9513023113313111111113111331113131131131111111311311133111331
00015  961501331311111331311133111131131111133131111313 X
00015  9615023131331311111311311131113133331131113133331313333133331
00015  971301331313111331333133133331113111131131131333 X
00015  9713023311131113113111313133133331331333333333311113333133311
00015  981401311133131331111133131313131113333133131311 X
00015  9814023111131113113111311133133333131131111133331113131333111
00015  991401331313111331311333333311313113331133131313 X
00015  9914023111131333112313311133133333131333311333311313333113111
00015 1001401311313113131311331133113131313131131111113 X
00015 10014023111331111113313311333113133331331111331331111133111331
00015 1011401331313111131311131113111133313133131113313 X
00015 10114023111311311113113331131133131331331113133311311333133331
00015 1021401331313311331311333331311333111333133331313 X
00015 10214023111313311113311311131313333331313113333331313333313331
00015 1031401311311131111311331113113131313313131133111 X
00015 10314021113331311113113311131333131111131113133311311131131131
00015 1041401331313111311331333333313131313133133113311 X
00015 10414023111311133113111311333133333333331113311331113331133331
00015 1051401331333111331311333333113133313333133113311 X
00015 10514023313333313113313331313313333331313113311311113113133113
00015 1061411111311131111311131113113133313133131133111 X
00015 10614123113311311133113311131133131111131111131111111131111111
00015 1071411311131131111111131113113131111133131131113 X
00015 10714123111311311113311311131313131311131111133111111131111111
00015 1081401311131131313333333333111331313133131313313 X
00015 10814023111311133113331311331113131333331113133311313133133331
00015 1091401331333311333311331133131131113331331313333 X
00015 10914023331333313113311311131113133333331333111331313333133331
00015 1101411331311111131331331331111233113111133131313 X
00015 11014123111333113113311311133313133333331111331331313331313331
00015 1111411331333311131331331333333133331133333313333 X
00015 11114123131333113311311313333313133333333133111333333113333331
00015 1121311331313111131313331333111131313111333113313 X
00015 11213123111313311113311311331133131311131313113311313131331331
00015 1131411111313111131311331333333331333331333111333 X
00015 11314123331331313113333333333113133333311133333311313333133331
00015 1141411331311111131111331333111111111331333111111 X
00015 11414123311131111113111311131113333311111311111111311311113111
00015 1151301331133111311311133331113333111333131133313 X
00015 11513023111331111133311311133113133311333113131333311333311311
00015 1161301311131131111311331311313331113333133313313 X
00015 11613023111313313111311311113113131311331113133331111133131331
00015 1171301311311111111331331133111133333331131113333 X
00015 11713023111313111133313333113123333113331133333331331331111131
00015 1181401331113131111311131113113111333133131131111 X
00015 11814023111311313133113321113113131131111113133131111133113111
00015 1191401311313111313111331331331313333333311133311 X
00015 11914021133331311313313111331133333333332133331311313333333122
00015 1201401111311111331312333133111131113333131113313 X
00015 12014023111331111113111311333111131133333131133331333331113331
00015 1211411131313111111331331133311333311331131131313 X
00015 12114123111331331113311311113111133311113113133131333331113131
00015 1221411311311131133311333333111133111311133131313 X
00015 12214121111313311313111311111133133331313111331111311331111331
00015 1231401331133111131333133133313131113333331111333 X
00015 12314023111311113111111311131113333313331113133331111333133331
00015 1241501331333111313313333331111311113331113311333 X
00015 12415023111111113111111311113133313333311131311333333311313111
00015 1251511311331111331331131133313133133131133131111 X
00015 12515123111311113131111313133333133331113113133313111331113131
00015 1261511311113311131311231333311131333133133213313 X
00015 12615123111333311133311311331313133311331113333311113331133321
00015 1271501331333111311331133133311333133333111333333 X
00015 12715023111331113131113311113333333131113111331131313333333311
00015 1281401311331111131311331333311131313313331111313 X
00015 12814023111131113113311311333113333333311111313333311333113331
00015 1291401331131111131311131133113131313133131133111 X
00015 12914023113313311113313311331113133311131113133311111131111131
00015 1301511331333111131331333333311111113313133111313 X
00015 13015123311333113113311311133313333333331133331331313333313331
00015 1311511313333311333331333333311333133333333311333 X
00015 13115123131333113313311311333313133331333113333311313333333331
00015 1321411331311111131331333133311133133331131311313 X
00015 13214123111311111113311311331313333133111313333311313331133331
00015 1331501331313111331311333133311133113133133111111 X
00015 13315023111311113111331311333111333333131313333331311133133131
00015 1341511331111111331313331133111313113113111111333 X
00015 13415123111311311111331311133113133331333111113131331313311111
00015 1351501331333111331331133333311133111111133331313 X
00015 13515023111333113113311311131113333333333331333331313333113331
00015 1361401311333111331331331133113131131331131113113 X
00015 13614023311331131113113311332133133131311133131131311331113331
00015 1371511331311311331333133331311333111111333111333 X
00015 13715123111313113113111311111313333333333313111331313333313331
00015 1381511313131113313333133131133111331333313331331 X
00015 13815123113131133113133313133333331313133133313133333333333331
00015 1391511331333111331331333333331131113331331313333 X
00015 13915123131333113113311311133113133333333333111331113333333331
00015 1401511331313111311333313333331133131331133313333 X
00015 14015123111333113311311311133311133133331133331331313333333131
00015 1411511311311111131333133333331333311331333331333 X
00015 14115121111133113111311311133331333331331311311131333333313331
00015 1421511333313311131331333331313133113333133333313 X
00015 14215123311333113131311311113333333333311313311331313333313311
00015 1431511331333111331331333331131113111331133131313 X
00015 14315123111333113111311311113311133333311333131331333333111131
00015 1441401311311111111311333333111131313133131131313 X
00015 14414023111311311113311311131113133333131113133311311131131331
00015 1451501331313113111331333133311133333331133133313 X
00015 14515023311333313111113331113113131333331113333331313333133331
00015 1461501311331111131311331333133313113331131113333 X
00015 14615023131331311113311311313313133333331113131311313133331331
00015 1471501331331111331311333131313331113131331113113 X
00015 14715023111311111113111311333113133331333113113311313333133331
00015 1481501331311111131331131133111111313131131113313 X
00015 14815023111133111113313311111133331331331113333331313331113311
00015 1491501311313131133331331133113333311331131313313 X
00015 14915023111331111313311311333133133133331113131331311331111331
00015 1501501331331111331331333133311133111331133111313 X
00015 15015023311331113113313311133333131331331113133331311313331331
00015 1511501331133111311313333133311131313131133111313 X
00015 15115021313313313133333311331313333331311111331111313131133331
00015 1521511331311111331331333133311313313333111111311 X
00015 15215123111133113111313311131313133133111111333311133331113111
00015 1531501331311113331131333133111311111131133111113 X
00015 15315023111331311111113333331313133333111111333331113331113131
00015 1541501331313111331131133131333133331331331131313 X
00015 15415023111133313113311311131111333331313111331331113111113111
00015 1551501331333311333333333333331333333331133111333 X
00015 15515023311333113113311331333313133331333313331331313333113311
00015 1561501331313313331331333133331113111331133111333 X
00015 15615023331133133113311313313313333333333331331333313313313331
00015 1571511331313311331331313332313333111331133113313 X
00015 15715123111311133113331313333111133333333113333331333331113331
00015 1581501331331111331313333133313111113333131111113 X
00015 15815023111311113113113311131113133333333111333331313333133131
00015 1591501331111131311331133331133133313333113131311 X
00015 15915023113331131131113311113133131331331111133311311131133111
00015 1601501311333111331331133333311313113331133111313 X
00015 16015023311333113113311333311111313333331313333331313133113131
00015 1611401331333311331331333133331313133331333131333 X
00015 16114023113333133133331311333133333333333333333331113133131331
00015 1621501311311111131313333133111131113333131133113 X
00015 16215023111313311113311311133113131331331313133311313333131331
00015 1631401311333111331331333333311133311331133311313 X
00015 16314023311333113113113331133113133331133333311311113333133331
00015 1641401111311111131313331331131333133331113113113 X
00015 16414021113111111111332111331131331331311311311331313331313131
00015 1651501311313111111311333133313311313333133131311 X
00015 16515023111331113111113311133113131331133111311331133313313311
00015 1661501311313111311331331133313113311331131111313 X
00015 16615023313131113111333311133113333331333111331311133333133331
00015 1671501131313113331311333333311113113133131111333 X
00015 16715023111113313113111311333113333331333113131311313333133331
00015 1681401331331113331113333333111113311131131113313 X
00015 16814023313113333113331313331311133133131311133311313131331331
00015 1691511313133313133133113133331331111311133111333 X
00015 16915121111113113113331113333131313333313131311331313313111333
00015 1701511331311111131313331133111131313133131113313 X
00015 17015123111311111113111311131113113331331111131331311331111331
00015 1711511331113131131331131133111331333133133113311 X
00015 17115123111331311113311331131333331331311311131311313131111311
00015 1721511311113111131331333333313313333133311133133 X
00015 17215123111311113111331313333333333331133311313311313333333333
00015 1731501331311111331311133333111131313331131113313 X
00015 17315023111333311113111311331313133331333113333311313131133331
00015 1741401311333111131331131133111111311111131111111 X
00015 17414021111111333113311311133111133111333113131331113331113331
00015 1751501311111111331311331131111331313133131133311 X
00015 17515023113311311111313311111113133131133113133311311331333333
00015 1761501131313111131331331131311133311133131111113 X
00015 17615023111333113111311313113113133333113113311331111333333333
00015 1771501311313131331333131331113331313333133131311 X
00015 17715023113331331131313311113333131331133113333331113131113131
00015 1781311331313111131311331133113333311133131131113 X
00015 17813123111313113133311313311131333111131113333331311331111331
00015 1791401311313111131311331133111111111131311113313 X
00015 17914023331333311113311311113113133331111113331333313133113331
00015 1801401331311111131313331133113331111133131133313 X
00015 18014023113311313113131311111131131331131113133311311331111131
00015 1811401311111111131311333133111131313133133111111 X
00015 18114023111113311113111311133113131333331113133311333331111131
00015 1821401313113111331311333313113131133133131313113 X
00015 18214023111331311113131313333333133333133133133331331131133131
00015 1831501311311111131333133133113133311111131333113 X
00015 18315023111131113113113311113133333331313311331331113331113331
00015 1841411131311131333311133333311311313331133113311 X
00015 18414123311313313113133331311133331331133113333313111131113331
00015 1851401331313111331331333131313133313333131131313 X
00015 18514023113331113111313331133313333333113113333311111333113333
00015 1861401311111111131331333113333131113131331113113 X
00015 18614023113311111111111311111133133311131113133311311331113331
00015 1871401311131111131313131133313131313131131133113 X
00015 18714023111311111113331311331313133331331113133311311333131131
00015 1881501311331111131313333133313133333113131133113 X
00015 18815023111311111133111311131133113331131311333331311131133333
00015 1891401331333111331311133131111113331333333131313 X
00015 18914023311331113113313333333313133333331133133331113333133331
00015 1901301331331311131313331333113131331313131313313 X
00015 19013023111133111113331331331113133331331313133311311333111331
00015 1911401311111111331311331111111331113333231132313 X
00015 19114023313313111133313311333113133331233113113311313333131111
00015 1921411311333131131313131313133333113333133113313 X
00015 19214123131333313113333311333133131333311133333311111133133131
00015 1931301311311111131311331133313313111331231113313 X
00015 19313023111313131113333311333311331333331313111313333133333313
00015 1941401311111311331313131133111133111331131133313 X
00015 19414023131331113111133313333133331111311113133311111331133331
00015 1951401331131111331331333133331113111313331113333 X
00015 19514023331131113113311333333133333133113131333331331311113133
00015 1961411311331111331311333333311133333113131113313 X
00015 19614123111313313113111311331313133331133113331333313331131331
00015 1971501311313112131111313131311311111331113133113 X
00015 19715021311111113131113311313313313331313131331133333313113311
00015 1981401331333111333331333133311333133331133331313 X
00015 19814023111333313113333333333313333333313331331331313333333331
00015 1991501331313131311313333333111313311333313131313 X
00015 19915021113331113111311113313133333331113111331133113313113313
00015 2001301331331131331333131311313333333333131133311 X
00015 20013023133131313133313333113133111311133133133131113133113111
00015 2011411311331111131313131331111133331111131111113 X
00015 20114123111313131113311311111313111311131113111331313333133331
00015 2021301311331111131311331133111131313133131113313 X
00015 20213023111313111113333311331313133331331113311311313133131331
00015 2031301331113111131331331131311133333331333131313 X
00015 20313023111311313113113313133333331331131313333331333133133333
00015 2041301331313111131331333133131131133331133113313 X
00015 20413023311131113113313331113113131311333113313133313333333331
00015 2051301311313111331331331133331333311131131113313 X
00015 20513023111333313113313311113131131331131113333331131133131311
00015 2061301311311111331311333333313333333131131111113 X
00015 20613023311313111113313331133113133333333111333331313333133331
00015 2071201311311111211311331113112331311131131113111 X
00015 20712023111113111111113311331113133111331111131311111331111131
00015 2081301331111131131311133311111133313113331131111 X
00015 20813023111313311111113311111333111311311111133333111131111131
00015 2091301331313131111133133111313333131333133133112 X
00015 20913021313331313131313311113113331131333111333133131111113131
00015 2101201311111111131313331313111111111131131131133 X
00015 21012023111313111111113311113111133331311111131131131133131131
00015 2111401331331111131311331111111133111333131133313 X
00015 21114023111331113113111311113133133333133311133311111333311311
00015 2121401311111133311311133111313113311133113131311 X
00015 21214021313111333131113133113111331333113111333131133113113113
00015 2131201311111131331331131113113133333333131131311 X
00015 21312023311311313113313311333333131131133111133331111331133111
00015 2141301331313313331333333333331133331313133131313 X
00015 21413023111331133133313331313333333333131313313131333313313311
00015 2151201331113111331331133333311133313333131131333 X
00015 21512023311331113113313331113313333131313113333331313333133131
00015 2161301311313111311311131133113113313333131131311 X
00015 21613023113331313131313313113113131331133113333331111131133131
00015 2171211331331111331333311333111333111133131313113 X
00015 21712123111312131113311311331313113311333113131311311331331331
00015 2181311331313111131313331331311131313133133133313 X
00015 21813123111311113111331311333333333331131333311331311333333331
00015 2191311331333311133313331131331132313111111333113 X
00015 21913123111311311113311313313313133331311333111311113313133313
00015 2201311311311111131311331333111133313131131111113 X
00015 22013123111311111113111311131313113131131113113311311333111331
00015 2211301311111331131313331333313333313133131113313 X
00015 22113023113311311313133311133313331111311113133311131331111131
00015 2221311311331311131311331333111131113131131111113 X
00015 22213123111311111113311311131133131131131313131311313331313331
00015 2231201311313111331313333133313133111333133113113 X
00015 22312023111331113113113311133113331333133113331331113133113331
00015 2241401331111111111311131133113131113333131131111 X
00015 22414023111113113113313311331333311311131113133331113133111331
00015 2251301311311131111311331313313131313133131131313 X
00015 22513023111311313113333311131333133331131113133311111333131331
00015 2261301311313111311331331331313313313133133133311 X
00015 22613023113111111111113113313333333333133113333331113331131311
00015 2271201331131111131311131133113133313133133131313 X
00015 22712023111331311113113311113113133311331113133311113331131132
00015 2281311331333111331311333133313313311331131113313 X
00015 22813123111333133111113313333111131331311311313111333313313311
00015 2291411331311111131131333133311313311331131111313 X
00015 22914123111331133113331311133111333131313311313331333313313331
00015 2301411331311111131131333133311313311331131111313 X
00015 23014121111331133113331311133111333131313311313331333313313331
00015 2311411331331113131311133133313313311331131131113 X
00015 23114123111333113111113311133111131131311311313111333313313313
00015 2321311331133131311331131133311313311331131111313 X
00015 23213123111331133113331311133111333131313311313331333333313331
00015 2331311331111111311333333133311313311331131111313 X
00015 23313123111331133113331311133131333131313311313331333311313331
00015 2341311331331113131311133133313313311331131131113 X
00015 23413123111333133111113311133111131131311311313111333313313313
00015 2351311333131313131311313131131313113331311131313 X
00015 23513121133313113113313131131331131311113313111311313131113331
00015 2361311311333131313313333333313313311331131113313 X
00015 23613123111333133111113311333111131131311311313111333313313311
00015 2371311311113113121331331331313311313131333131133 X
00015 23713123111311331133111333111311331333111113311131331333111331
00015 2381311311313111131331311311313133311331313113113 X
00015 23813123113311113113311311133113113331333311331311333113131331
00015 2391311331333111133313333131113133313133313133113 X
00015 23913123113131311133111311313113131311331313133131313133133331
00015 2401411331331313131311311333311133113331131113311 X
00015 24014123113313113133113311313132231331133313133311311133133131
00015 2411211311313111131331111331313311113131131133111 X
00015 24112121333311313133113331311313131313131313131333113333131331
00015 2421401331333111333331331113313131113231331133131 X
00015 24214023133313111131331311313113131133113313133311311131113331
00015 2431411331313313131311311313133111313131131131131 X
00015 24314123113311133131333131311313131131133313333131333311133331
00015 2441411331131113131331311131331113111331333113313 X
00015 24414123113313133133313111313131331313131311131333133313133331
00015 2451311331133113133331311313313113113131313131313 X
00015 24513123133313313131313131313131331313131313131311133313311331
00015 2461301311331111131311131331313113313131113131133 X
00015 24613023113313311131311311313131331313131331131311333113313331
00015 2471311331333311311113313311313311311131113131331 X
00015 24713121113313131131313131313131331313131331113131311131313331
00015 2481411311313311333313133333311113311331131131113 X
00015 24814123111333113111113311133111131131311311313111333313313313
00015 2491411331313111331131333133311313311331131111313 X
00015 24914123111331133113331311133131333131313311313331333313313331
00015 2501511311311111121131331133311113311311131113313 X
00015 25015123111331131111333311113113133111311311333311311333131331
00015 2511311111333111311131333133313313311331131131113 X
00015 25113123111333113111113311113113131131313311313111333313313313
00015 2521401331331111331311333133311333113333133313313 X
00015 25214023111333313113311311333113333331331313331331313133113331
00015 2531501311311111111311133133133131113113131113111 X
00015 25315021111311111111133311131113131331111111133311313133133131
00015 2541401331333111331331333131313311113331133311333 X
00015 25414023131333113111311311113113333331311331311333313313113131
00015 2551501131131133311311313131113131111313131131313 X
00015 25515023311311331131311113313113133311113131331331113133131111
00015 2561401331311111111333111133313333111333131131313 X
00015 25614023111331311113311312131131333333131111333331313113133331
00015 2571401331111111311311131133113133311331131131313 X
00015 25714023111333111131113311133133133333333113333331311331111111
00015 2581401331311111131311133133113131113331133113313 X
00015 25814023111331113113213311131113333331331113333311313133333133
00015 2601501331313111331331333133311333313133331113313 X
00015 26015023111313113113313311333313333131131112331311313133113131
00015 2611401311311311331311133133113333113133133113133 X
00015 26114023111313113113331331333313133331333113313311313333111331
00015 2621501311331111333311331331311331113131333131313 X
00015 26215023131313113113331311113113133331131311131311313131131331
00015 2631501311111111131313131331111331111133131113311 X
00015 26315023111311311131113311131113113331111113131311111133131331
00015 2651501331313111111331333133333111331331133131313 X
00015 26515023111331313131113311113133333133331131331331313333113313
00015 2661501131331131111311131133313133331333131131313 X
00015 26615023311131311113313331333311133311111313333131333131133311
00015 2671501331311111111331333133313113311333313131313 X
00015 26715023111331333111313111113131333331131133333133133133113311
00015 2681401331311131111331333331113333331131133331313 X
00015 26814021111331111131111311113313131331331113131131311333333311
00015 2691501331311111311131333333311313111311333331313 X
00015 26915023111131131131311311133311333333311111111333333333313331
00015 2701401331333111331331333333333113331333133111313 X
00015 27014023311133113111313311313111333331313111331131313333113331
00015 2711501311111131111311331111113111113133131133111 X
00015 27115023111311111131113311113113113131111113113111111131111111
00015 2721401311111311131333133133313331113133131111313 X
00015 27214023111333113113313311111113133111331111131311313131113111
00015 2731401311331111131313331133113131113313131111313 X
00015 27314023111313111113311311131113131331131113131311311133131131
00015 2741501331311113131331333131113333311333131133113 X
00015 27415021113111111111313311113111133133313111333131133131113111
00015 2751501311311111331313331133111331113111333311113 X
00015 27515023111313311133111311331113333331131333133331313333333331
00015 2761401331133111331311331333331131113331131313113 X
00015 27614021113331111113311311331113331311331113133331313133131331
00015 2771301331113111331331333333311313111311133111313 X
00015 27713023111331133111311311311111113131313111133131333313313331
00015 2781401331331111331331313311311333111131111113313 X
00015 27814023113333113111313311113133333331313113331131333333131331
00015 2791401331333111313111333333311133313331133111313 X
00015 27914023131333113113311311331113333331333313131331313333333131
00015 2801301331333311131333333113313133311333111133313 X
00015 28013023113331333113313311313111133331133111131331313131113131
00015 2811311331331111131311133311131313133131113311333 X
00015 28113123111313111313313311311333133331111311131331313331331331
00015 2821301331333111111331333131111113133331131131313 X
00015 28213023111131111113111311313113133333333113131131311333113131
00015 2831311311311111331113331333311331113331131313313 X
00015 28313123311313111113331331131113133131331111113313133333311331
00015 2841411331331111331333331333331133331313333113333 X
00015 28414123111331333113313313313311111311113133131331133333113311
00015 2851411331311111331311331333311133111331131113313 X
00015 28514123113313111113311331331113133331331313111331313333131331
00015 2861401331333111331331333333311133113331333113313 X
00015 28614023331333113113313311333113333333333333311331313333333331
00015 2871311311131311131331331331311133131133131333313 X
00015 28713123311313111313113331131111333331331113311311333333133331
00015 2881311311311111313111333133111113311331131331113 X
00015 28813123311333111113333311333333133333333113133331313133133331
00015 2891311331331311331331331331111333131131331311313 X
00015 28913123111333111313311311333313133331331311111331311331133331
00015 2901411311311111131313331133111113113111131131113 X
00015 29014123111313311111311311111313133311311113111311311333331311
00015 2911411331311111131313331333331131113111131313333 X
00015 29114123131313133113131311331313331111331113111311313333333333
00015 2921301331333111331333333333133131133131333333333 X
00015 29213023111333113313313313111113133331333133333331313133133131
00015 2931311331311311131333331331131133111333313111313 X
00015 29313123111313131111311311313113131131311113133331313333111331
00015 2941411331131111331311131313111331113133131313311 X
00015 29414121111313111113333311131313133331111113131311111133131131
00015 2951501331333113331331333133331311113331333133313 X
00015 29515023331331113113333311333313333333333133331331313333133331
00015 2961401331133111331333113133333133111331133131331 X
00015 29614023311331313113333113131333333333333133333331311133113331
00015 2971501331111111131333133133331333111331133131333 X
00015 29715023311313113113313311333313333333313333333333313333113331
00015 2981511331111111131331331131111333133133331113313 X
00015 29815123113311111113313111333113133331331113333331311333311331
00015 2991511331331111331331333331131133113333133113313 X
00015 29915123131333113113313313313113133331333313133333313333311311
00015 3001411311131111131313331133111331113131131311113 X
00015 30014121111311111113113311131113113331331113113331313133311331
00015 3011411311133113111331113111333313331333133111331 X
00015 30114123113331113131113311331131333331133113333131133111113311
00015 3021511311311111331333333333313333113133133113313 X
00015 30215123311313313113313331333313133331333113331333313333333331
00015 3031511111313111331331333331333313313333133311333 X
00015 30315121111331113313313311313313133331333313311331313333333311
00015 3041511111313111311131333333331313113133131133313 X
00015 30415123331331133113311311111313333333313311331331313311113311
00015 3051411331311311131333313133111133113111331311333 X
00015 30514123111313113113331311331113333311333333111131313331331331
00015 3061511331311111331331331331113333313313131113313 X
00015 30615123111313311113311311133313133331333113131331333131111311
00015 3071511331311111331333331333131131313333331111313 X
00015 30715123113333111113331311133313133331331313131331313223331133
00015 3081411311311111131113331113113131111133131113111 X
00015 30814123111313111113313311331313333111111311333311313133133111
00015 3091411311113111131331331133111133113333133111313 X
00015 30914123131131113113311331133333331331331313133311313333333331
00015 3101511311231111131331331133133133113333131133333 X
00015 31015123111133111111113311313313333311331113131331313331311333
00015 3111511311311311131311333333111333113311133111313 X
00015 31115123311113111113311311131313133331331313131331313133133331
00015 3121511331313113331311333333331313113133133133313 X
00015 31215123111113133113311311333113333331333313133331113333133131
00015 3131411131311113131311331133113311113311133133313 X
00015 31314123311331113113311311131333113331331111133331111133113311
00015 3141511331311131331331313131133133131333133131333 X
00015 31415123113333131113131113113313131331333113331333313333313311
00015 3151411311111111131331331133113131111331133131313 X
00015 31514123311333113133313311133313131311133313133131313131111331
00015 3161511331333113331313311111311333133333111113313 X
00015 31615123111313133313113111333133333331313113311133313133133311
00015 3171511331331111133331333133113333113331331111313 X
00015 31715123111333113113313331131313133331331113133311313333113331
00015 3181411111311111331311331131311333113133131113313 X
00015 31814123313113113111313331113113333131333311111131311333131331
00015 3191411331133131311113331313131311131313331113311 X
00015 31914123111331333133313311133313331131333311333311113131113111
00015 3201411331231111311311333133313133113131133111313 X
00015 32014123111333113113311331133113333331333313311331313333133333
00015 3211411331311111131311333113111331113111133113113 X
00015 32114123111113111113111311133113111131321113131331313311111331
00015 3221411331131111331331131131133313133133133113313 X
00015 32214123133331311111313331311313131331333313131311113333131131
00015 3231311311311113133311331131311333113333111113113 X
00015 32313123113331113113313311133313131331333313133313313133311311
00015 3241311311331111331311331133113133113133333133313 X
00015 32413123111311131111313311333113133331131113131311111131311111
00015 3251411331333111233331331333331333112332131311333 X
00015 32514123111333113213313311333333333331331313111311313333113331
00015 3261511331333111331331333331311313133331333133313 X
00015 32615123111131133311311311133113333131333313311311313133313331
00015 3271411311331311131311331133111131113133133113313 X
00015 32714123111331311113111311131313133331131313133311311331331311
00015 3281411311311113111111313113311313111133133113313 X
00015 32814123313311311111313111111331331111331111333311333131113311
00015 3291411133331211331131311333331131113131333313313 X
00015 32914121333113133313313131333313313333313311331311313131131331
00015 3301511311311111331131331133313113111131133131313 X
00015 33015123111111313131311311133313131133113111111333131113311131
00015 3311511133333111333133313133331133111331333131313 X
00015 33115123331333133313311311333333333331333311311133313313313331
00015 3321511331313111131311333331311333113311133113113 X
00015 33215123313333113113311311333313333331131113313333313333313333
00015 3331411131311113133311333331333133113133131113313 X
00015 33314123111331313111113313333331333333333111333333313333313311
