ULSTER 97 ITEMS
00010   11501331331111131313333133311131313111133313313 X
00010   115023311313113113311311133313133333311113111331313333333331
00010   21401331311311331311333333111113131331133113333 X
00010   214023313331111313313313133313133333333313133331313333331333
00010   31401331313111331331333333331313333331313313313 X
00010   314023111133113111313331113113333333313133113111311233333331
00010   41401311331111113133333333211133113111131131313 X
00010   414023111113111113311311131113133331331313113311313333131331
00010   51401331333111331331333131313113111331133133313 X
00010   514023311133113113311311313113333331333313331331113333133331
00010   61401313311311331313331133331111113331111133113 X
00010   614023111131111111313311313133133331311311111331311333111311
00010   71501131313111331131333133331133311333333131313 X
00010   715023311131133113311111333311333131313311331331133313113131
00010   81401331311111331331333331111113111131331311313 X
00010   814023111113111111113311131313133333313313133311311331111131
00010  101401131313111311131313131313333111313313131313 X
00010  1014023311331133111313111113311333333313331311133333313313331
00010  111501331311111311131333331131313311331131113313 X
00010  1115023111133133111313331311131333331313113333311311333113111
00010  121401131133113111131131133113333313113131133313 X
00010  1214023311313133133333111333113313331133113333111133131111131
00010  131501331333111311333313331331333113233133113313 X
00010  1315023111331113111311331333113333333333313331313313333313133
00010  141401331331131331311133333313333111133133313313 X
00010  1414023111333311133311311333321333331333113333331313133133131
00010  151501331331111331311333133131333111331131113313 X
00010  1515023313333331113313311313313333331333113313131313333333331
00010  161401311331111331331311111331333312233132311111 X
00010  1614021113311313131313111313131113111313313113113113113133113
00010  171401331333111331311331333311133133333133113313 X
00010  1714023311333111113311311333313333133333113131311313333131331
00010  181501311313311313313311331131331133311331333133 X
00010  1815023113133111133113111333131333313333331133313113311313332
00010  191401331313111311331333333313333313133131131313 X
00010  1914023311311313113313333333133133331133113333331313133133331
00010  201501331313111133111133133331133313333133113313 X
00010  2015023111331113113313331131113133331331113133311313133133111
00010  211401131333111331331333333311333311331113313313 X
00010  2114023311333113113311111113113333333333313311131313313313331
00010  221401331313111311131333133313131313331133131313 X
00010  2214023111331113113331311333113133131331311331333313133133331
00010  231401331311111311311321133113113111333131313313 X
00010  2314023111133313111313311133313133331133333333313313333333331
00010  241401331311111131311113133111131111333131111313 X
00010  2414023111133113113313311131113133331331313311311113333113131
00010  251401331313113331133313333311133131311133311133 X
00010  2514023311113113113313311333313333331331131331331313113313331
00010  261501331333111331331333131331131113311331333333 X
00010  2615021331333113313311311131113331333131333113311313333113333
00010  271301331331111331311333333313113131311333111313 X
00010  2713023111113113111313111113113333331133111333331313333133331
00010  281301331313113131331333131313333313333133113313 X
00010  2813023111131133111111311333313333331331113331111113131133131
00010  291401331333111331333333133311133113331131113313 X
00010  2914023131131113113311311113313333331333113333311313333113331
00010  301301131313111313331333131311313111131131113313 X
00010  3013023311133133111311313111133333331313113333113111311313313
00010  311401311311111311331313131313113111113133131313 X
00010  3114021311311331111111111133113113131333311311133311313113313
00010  321301311313111331331333333333133113333333113333 X
00010  3213023111323213113113331333113333333333133313311113113113332
00010  331301331333111331331331133313131113331133111313 X
00010  3313023111333113113133311111313133331331111111311311331113311
00010  341301331111131311133133333313313331333333131313 X
00010  3413023311133113331313331113113131131313111131131333333113311
00010  351301331311111331333333333331333133131133113333 X
00010  3513023111313113113313311333133333331331313311311313133131313
00010  361301331311111313133331333311333113331131131313 X
00010  3613023111313111133331311333113133331331333131331313333131131
00010  371301331313111331331333313111311113331131133313 X
00010  3713023111133111113311313313113333333333333331311313333133333
00010  381301331331111331313333131311333313333333113313 X
00010  3813023131333313111111333111333313331331313133313313333333331
00010  391301331313111331131313133311113131333333111313 X
00010  3913023121331113111311331113113333133133133331333313313113333
00010  401401331311111331111331133113133113333133113313 X
00010  4014023111331111113311311313313133331313311131311313333133113
00010  411301331333111131331333133331113113331131111333 X
00010  4113023331333113113311311333111133333331333133331333333111331
00010  421301331333311331331333331313113111331113311313 X
00010  4213023111333113113311333313113331131313311133333313113113331
00010  431301331333111321331333133311313131331133331313 X
00010  4313023111333113113111311113113333333331113311331313333313331
00010  441301331331111131331333313311113113131133113313 X
00010  4413023111313111113313311131113133331331113113311313333331331
00010  451401331333111131331333133331133113111333311333 X
00010  4514023131313313113311311333313333333333133313331313333133331
00010  461301331313111131331333133313133133333133133313 X
00010  4613023111333113113311311333113333333331313133331313333133131
00010  471301331333113311131313133333113331233133331333 X
00010  4713021111131113111111111113113333331313131331133113313223111
00010  481401331311111311311333131113113333333133133313 X
00010  4814023111131111111113311113133133333333133131331313331313331
00010  491301333121111331113333113111131112333133131323 X
00010  4913023111331111113311321333113333331131311131331113321131331
00010  501301331313113331311333133313333333331131111313 X
00010  5013023111133133313311331113113333331313311331333313333113313
00010  511401331313111331331331333111133133333333111313 X
00010  5114023111313313113313331333113333331333113313311311333131331
00010  521301311313111131311333133111111113131133111113 X
00010  5213023111313113113311311133313133331331313331331313333131331
00010  531401331333111131331333133311333113333333113333 X
00010  5314023111131113113331311133113333331331113131311313333331333
00010  541301311313111131311333133311333111331131111313 X
00010  5413023111313113111111331131111333333311113133331313333113131
00010  551401331313111331131313131311313111331333111313 X
00010  5514023111131133113311311313111333331331311311133333313113333
00010  561301331311111131311133133313113131133133133113 X
00010  5613023111333113111113311133133333131333313133311313333113331
00010  571301111311111131131333131111123111331133131313 X
00010  5713023111131111131311311113311333111333111313331333331111311
00010  581401311313113331331333333311113131313133131313 X
00010  5814023333331313313111131333313333333333113333333313333113313
00010  591401131313331111333333113313313133313131333311 X
00010  5914023331133113113133311131333111111111333331313311331133331
00010  601401331313111331333313131311331111333131113313 X
00010  6014023111333113113333311131313133331333313113333313333113333
00010  6112023113331111111313313113113333331333113311331113133131311
00010  611201331331111113111133131313113333333331131313 X
00010  621301111331111113133311133113313313133133133111 X
00010  6213023133113111111113311111113133131131113133331111131311311
00010  631201311331131311311131113313131313333111133313 X
00010  6312023113311111113113311133113133331131113133311313131333111
00010  641201331311111331113313331331133331331333313333 X
00010  6412023331333113113333331333133333333333333313313313131113131
00010  651301331133111311331131133313113133331133131311 X
00010  6513023111331313113133311133313333313133133131333313331131111
00010  661201311113111311331133333111333331333113111333 X
00010  6612023313331113131313311113113333333113133331331331331331111
00010  671201311311111111311331333113133113133133113113 X
00010  6712023111311111113313313133133133331331133113331311333111311
00010  681201311331111313313313333311113133333113113313 X
00010  6812023111333113313313311113313133331313113331313313333133331
00010  691301331331131131333333133311313131133133111313 X
00010  6913023111313113113311311133131133331331111111333313313113311
00010  701301331331111331333333333331133113333133313333 X
00010  7013023113333113113311331333313333331333133311313313133333311
00010  711201331313311113313311311113131313131313333313 X
00010  7112023111333113111331331113113133133311333311333313333333311
00010  721301331311111131331333333313333333331131111313 X
00010  7213023221131113113313313133113333331333113331331311331113331
00010  731301331333311333311133131131133313131131313333 X
00010  7313023111313113111313311131113113331331313113311311131331131
00010  741201331333131311311133131333133313333233231313 X
00010  7412023213331333111313311313111333333313131331133233233233111
00010  751301331313113131331133133311333132331333133313 X
00010  7513023311333133131311311333111333331331112131331313133333111
00010  761201331313131311311333133313133313333133133113 X
00010  7612023111131313133333311333133333331131113133331113133333131
00010  771201331313111113331333133331133113331133313313 X
00010  7712023111133113113311311131113333133313333311331313333313331
00010  781201331131111111331331111113133313333131113111 X
00010  7812023111331311111113311113313131131131113133311111131113311
00010  791201311313111131311331131113331133331333111313 X
00010  7912023111311113113313331111113133331331313111133133133311111
00010  8012013313131113311331333331313113131331113111313X
00010  8012023311131113113311311113311333331313111331133333333113311
00010  811201311311111311313131333113131313333131131311 X
00010  8112023111313311113313311133133131131331113131311311131131111
00010  821201331311111131311333131111113113333333133313 X
00010  8212023313331113111113311133113333331331113333131133133333311
00010  831301311313111111331331133311133333331133133113 X
00010  8313023111313313113313311113133133331333113133331313133133131
00010  841201311311111311311333133113233333333133131313 X
00010  8412023113333311133113331133313132131133113133333113131113111
00010  851201331311111311331133133113113313313131113313 X
00010  8512023111333113113313311333133333333333131313311313133113311
00010  861201311131113131311331313111333113133131133113 X
00010  8612023111311311113333311131313133331133113133311313333111131
00010  871301331333111333331131113313333333333113131313 X
00010  8713023313331313133313311113113133111331113133331313133131111
00010  881201131133111311311331133313131331333131113311 X
00010  8812023111331133113313331133113331131133113333331313131111131
00010  891201331331111131331133131331333112331131113313 X
00010  8912023111333113113113311113113333311331113331311111133113131
00010  901201311113111111311131133113111313133131131111 X
00010  9012023113313311113313311131313131131331113133331111131111131
00010  911101311331111333331331133313133331313131131313 X
00010  9111023111133313113313111131113133311331113131331313331131331
00010  921201311333311331311333133311133331131133133313 X
00010  9212023111313311133113311113333131331133311133333311131113111
00010  941101311313111111331333333111331111131133111313 X
00010  9411023311313113113313331131113131331331113111331313333133331
00010  951101331333131312331131313311133333333333133313 X
00010  9511023113331313113213331313133313311113111333333113131133111
00010  961201331331111331331333133313113113131333113313 X
00010  9612023111313113113313311311313333331331113131133313333333313
00010  971201131311111311111113131313133113331111131311 X
00010  9712023111131333131113331113113333331113111131131313331133131
00010  981201311331111331311333333311131323111331113333 X
00010  9812021311313113113311311313113333331331133113311313333131333
00010  991101331333113111131333333111113111131133113313 X
00010  9911023311311131113313111133113133333333111311113311333333331
00010 1001101311331111311311331133311133313133131113313 X
00010 10011023111311313113313311331113133333131313131311313333131331
00010 1011101331333313331331113331311333313331333131313 X
00010 10111023331331133113313131113111333331133111331131333113113313
00010 1021101311331111311311333133313113133333133131311 X
00010 10211023111331113113311331113313133311331113331311113331311133
00010 1031101331311311313313333133313133111133131131113 X
00010 10311023111131111133313311113313333333333113331333113133133131
00010 1041101331331111331313331133313331313133133113313 X
00010 10411023111311311113113311133113133331133313333331311131131331
00010 1051201331333111331333333333333133131331333313333 X
00010 10512023111313113113313333331333333333333133311333313333113331
00010 1061101311131111111331133113133333311133133133313 X
00010 10611023111131313113313311333113131131131111131311113113113111
00010 1071201331311111311311133331113313333331133111313 X
00010 10712023113131113111113311111113133131333111133311313131111111
00010 1081101331313111311331311131311313331313111131113 X
00010 10811021311131313111313331113133311331113131333333111113113111
00010 1091201311311111113111311131113333313333331133313 X
00010 10912023113331311113313311113113133331333113133331311131113113
00010 1101101311131111313321131133113123312333131133113 X
00010 11011023113312111131313311111333133131131113133331111131111111
00010 1111201311311311111311131131113133113331131113313 X
00010 11112023111333113113313331331313333331333113131331313333131131
00010 1121101311313111111331331133333333313331311111231 X
00010 11211023111331113113313333313133133331133113113331311133113311
00010 1131201313311111111311131133133131313133131133123 X
00010 11312023311311311113113311131313133311331113131311111133131331
00010 1141101331113111311311133131113133313333131133311 X
00010 11411023311331111113113311113113133131313113333331111133131131
00010 1151201331331111111311333331133133131333331113333 X
00010 11512023111333313131313311133113133331311111331333111333133331
00010 1161201331333313111311133131313333131331131113113 X
00010 11612023111111113113113311131113131131111133313131313133113311
00010 1171101331311111313113333131111311133133131131113 X
00010 11711023111311111113313331133113131331333311133331333333113333
00010 1181201311313313331331333331311113133331333313313 X
00010 11812023111333113113313311333111133333313131333133313313111131
00010 1191101331311331311131133311113313333333113131313 X
00010 11911023313311333111333331113131131331313111331131333133113111
00010 1201101331333111311331233333313133311333331113113 X
00010 12011023311331133113313311113313333331133113131311113133333311
00010 1211101331133111311331133113313133313333133131333 X
00010 12111023113331113113113311113133131331113113333331113333313131
00010 1221201331113131331333133333311133333333333133313 X
00010 12212023111331113111313333133113333131333131333333311313111131
00010 1231201311131111131331131131113333113333113111313 X
00010 12312023111333111113313311113113333331331113133331313333133131
00010 1241201311133131331333131333311333333333333131313 X
00010 12412023111131113133311311333113331131331113331311313133133131
00010 1271201311331311111313131333111331111133133111313 X
00010 12712023111333311113113311131313133311131111133331113133111111
00010 1281201331313111331313331333311133331331333111313 X
00010 12812023111313113113313311333113331131333111331311313331113311
00010 1291201311113111123133311333331333131331331111313 X
00010 12912023311131113113313333313313333333333131333333311133113111
00010 1301201331133111311333131133111113333133133113313 X
00010 13012023113113113113333311333313133331331113113333313333311331
00010 1311201311133111331313133133111133333133333113313 X
00010 13112023111313111113333311333333133333333113131311311131133331
00010 1321301331333111333311331333133133133331131111313 X
00010 13213023111313113113311311313313133333311113131331113133133331
00010 1331301331313111331331133133311333331131133111313 X
00010 13313023113113113113311333331113333333331133333331313333113133
00010 1341301331313111311333313333313331311333131311113 X
00010 13413023311331313333131113133313131333333111111333311333113311
00010 1351311331333111333131333333333313333311333111331 X
00010 13513122331133333333313131131333131333333333313333333333333333
00010 1361301331333111331313331333111113113311131111313 X
00010 13613023111333111113111311333311133331333333131331311333333331
00010 1371201331313311311313333331311113111313133131313 X
00010 13712023111131133113311311333113333331333311331331333331113133
00010 1381301331331111331133133133111133131331133133133 X
00010 13813023311133111113111311133313333331331111133333311131113131
00010 1391301311333111311331333131311133333333133111313 X
00010 13913023111133313113311311133113133333313111133331313133113333
00010 1401301311111111313333331133113311131311311111313 X
00010 14013023111333113331311331113113133331333131133311311333333331
00010 1411301331113111313111311333313333333333333331313 X
00010 14113023111333313113313313333133333333333133331331313133133331
00010 1421301331331111331331333131331333313333333133333 X
00010 14213023311311133111313311133313333333333133333331113333113131
00010 1431301331331133331331331131311131113133331113313 X
00010 14313023131313311113311311131113133331331313113311313333131331
00010 1441301311313311331331333333311133113333131113313 X
00010 14413023111313111113313311113333333333333333331331313333333311
00010 1451301131313311111331333133311133113131131111113 X
00010 14513023111133113113311313331313133331131311333311313331113131
00010 1461301313131331113113333133131133133313133131133 X
00010 14613023131333113113331333333313311131133113333331313333313311
00010 1471301311331111331311333131331133313133311133133 X
00010 14713023333111313113111311131133133331333313133311311333113331
00010 1481301311311111111311333133113133113313131131313 X
00010 14813023111331111113313313311113113333331113131311313333133111
00010 1491301331331111331333313133111133113131131331133 X
00010 14913023113313313133111331133333333111333113333331311133111131
00010 1501301311311111331311131333311333131131133113313 X
00010 15013023111313313113311311113133133131333133331311331133113311
00010 1511301331333311313333333333331133133331333113333 X
00010 15113023131333113113311311333313333333333333133311313333333331
00010 1521301331333113331333133131333333333331331111313 X
00010 15213021111331113113311331313313133131333113333331113331133111
00010 1531401311331111331311133113113133111131131113113 X
00010 15314023311313111113331311133313113331133113111131313331131111
00010 1541401311331111331311131113113311113331131133111 X
00010 15414023311333311113113311333133133131311113131111311131331131
00010 1551401311333111331333333133331111111131133111313 X
00010 15514023111333113113311311133113333331311331133331313333331331
00010 1561401311331111331313333133311133113311131133313 X
00010 15614023111133111313331313133133333333311113133311111331122222
00010 1571401331331111331313331133111131313333131111313 X
00010 15714021333111331113331131133311333213133333311131333311311313
00010 1581301331311111311333333113111133113333133113313 X
00010 15813023113313113113313311331333133331131113131331323131113131
00010 1591401331311111111313133133113331311133133313313 X
00010 15914023311313313113313311333333131331131113331111313133113131
00010 1601401331313111333333331333131131133113131133333 X
00010 16014023111333113313333311131113113131333313131331313333333331
00010 1611401331333311331313333133331333313333133113313 X
00010 16114023331333113113311331131113333131333313133311313131131331
00010 1621401331313111131333333133131313311331131133333 X
00010 16214023111111111113331311133313133331331313333131313333133131
00010 1631401333133111331131111131313313113131131131333 X
00010 16314023111313131333113113311133331311333111133331313311122222
00010 1641401311131111331313331133311133113331131113313 X
00010 16414023111313313113131311333333333331331113133311111333131333
00010 1651401131313113311131313133331313331331113311313 X
00010 16514021111131133131313131113111333133313331333113133313333333
00010 1661401331311311131313133333111133333333333313313 X
00010 16614023111333111113313311133333113331333313133331313133133111
00010 1671301331313111131331333131313313111131331111313 X
00010 16713023111113113113311311313113333333331331331331313333113311
00010 1681401311313111131331333131313113111311133111313 X
00010 16814023111113113111313311113113313331131113331331113133113111
00010 1691401331111111311111311133113331111331131111313 X
00010 16914023111331111133111311113113133331131111131131313111111311
00010 1701401331331311331333133311313113111331133311313 X
00010 17014021111333113113313313333313333133333313133331333331111131
00010 1711401331131133311131133133313333331333133333313 X
00010 17114023313331333131313313333311313333133111333133331313133311
00010 1721401131313111333133333333331331111331133311313 X
00010 17214023113313133113311311331313331332333311131333313313113331
00010 1731401331113111331313333331113313111333131131313 X
00010 17314023111131113113311331131113133331333113133311113333313331
00010 1741501311331131131313331333113333333113133133313 X
00010 17415023113313111113313311331333133331331313133311111333333331
00010 1751401331333111131313333133313113111333133111313 X
00010 17514023111331113113133331333113333333331111333331313133113331
00010 1761501331333111131331333333331113111311133313333 X
00010 17615023111333313113331111333313113333311333131311313333313331
00010 1771501311331111131311333333331113313331133113313 X
00010 17715023111333113113311331113113133333333313331311311333313331
00010 1781501311333111331311333331311133113331133113333 X
00010 17815023331313113111311331311113333333313333333311313333131331
00010 1791501331311111131331333333211113313111131111313 X
00010 17915023111313113113311311133113113331331313111331333333113331
00010 1801501331311111331333331333111113313131133113313 X
00010 18015023111313113113311311133313133331333113133311311331311331
00010 1811501311313111311311333331311133113111333111133 X
00010 18115023111131133113111311313113331331331113331333313333113331
00010 1821501333333111333333333333331131133111333311333 X
00010 18215023113313113313311333331113333333333333113333313333313333
00010 1831501331333111331331333133311133111333133331313 X
00010 18315023113333113111313311313113133333333113133331313331133311
00010 1841501331333311331311333333311113111333131111313 X
00010 18415023111133113113311311113113333333333311133311313333321331
00010 1851501331111111311311311131113133113331131111131 X
00010 18515021133111311133113111113133133333313313111333313131311331
00010 1861501331331111131331333133331133313331133111313 X
00010 18615023311331113113111311133113133331333111311331313113113331
00010 1871501331313111311331133333313111131133133111313 X
00010 18715023311131113111311311131111333131311111133331333331131311
00010 1881501311133111331131333333311113111311131331331 X
00010 18815021131331311331113313133313131133113331333331111333113131
00010 1891501331111111113113333333113331113113131131313 X
00010 18915023113331113113311311133113333333311133332333113333313313
00010 1901501331333111331131333131311113113313133111313 X
00010 19015023111111113111311311113133333331111313133311313333331333
00010 1911501331133111131331133133311133113133133333313 X
00010 19115023313333113113331311333333331333333113133331313133113131
00010 1921501331333111331331333133331333331313333333313 X
00010 19215023111113313113311311313133313333313333333331313333133133
00010 1931501331313111331331333133331133113111131111333 X
00010 19315023311111113113311311111111333333311333333113113333133333
00010 1951301331313113331331133333333331311333133133131 X
00010 19513023113333313113113111111311133331313311333133333333333331
00010 1971101331113311331331333333111133313333133131313 X
00010 19711023111131133113313311111113133131333111133333313133111331
00010 1981311111313111131331331333311331113111331311313 X
00010 19813121311311331133133111333333333133131331331331331333122222
00010 1991301331333111331311331133111131333131331131313 X
00010 19913023311311111113311331111113333331133113133311311113111311
00010 2001301311111111131111333133111131111131131131313 X
00010 20013023111111111113311311131113131331131313133311311131111311
00010 2011311331311111331331333333311113311331131131313 X
00010 20113123111313113111311311133133333331333311311331313333313311
00010 2021311311313311131313331333311313113111133131113 X
00010 20213123111113113111311311331113133331311111113311313333311131
00010 2031301311331111331311331131111333311333131133113 X
00010 20313023311311313113313331113113333331333113333313333131111331
00010 204  01111111111331331331131311113133133111131133 X
00010 204  023111111311131313311111113333331133113133331311333311311
00010 2051311313313311133113331333111311131111333313113 X
00010 20513123311113133313311311311333313133333331311333311333333331
00010 2061301331313111331311333131113133113131331113313 X
00010 20613023111331113113313311133113333311331113133331311331313331
00010 2071311331333311333331333331311133113333313313313 X
00010 20713123311333113131311331113313133333333133311331313333333333
00010 2081301311333111331311133133113131313133333113313 X
00010 20813023113313121111333331331333131331131113133313111131331331
00010 2091301331311111331331313333313313311333133131313 X
00010 20913023111331133113313313113311333331313113331133333333113331
00010 2101311113333311311311333133311331113311133111313 X
00010 21013123111113113111311311311113333131333111331311311311111133
00010 2111301111331311331311113133311313131131133311313 X
00010 21113023111113133113311311311111333333313331311131313333111331
00010 2121301311333111313113311333111131113131131133313 X
00010 21213023111133113113311313131113331331333113133331313133131331
00010 2131311311133111131311333333311131133331331313113 X
00010 21313123111313313113331311333313131331331113131311113133111111
00010 2141301331333111131311333331111333131331131133313 X
00010 21413023111133113113313311131113133331111111113311313331113111
00010 2151301131313111331311333131313133333133133113313 X
00010 21513023311331113113333311133113133333133113333331313333113131
00010 2161401333331311331111333331133313311331313113111 X
00010 21614021333113131333313333333333313331333131133313133333133331
00010 2171411131331111331331313133311133331331133111313 X
00010 21714123211311113113331311333133133331333311113333311333311331
00010 2181401331311131331333311311333111131311311311131 X
00010 21814023333131331113313311133113133131111113131311313131131311
00010 2191411331333111331131333333311133112131131311313 X
00010 21914123131313113111331311331113333331333311313131313333331331
00010 2201411313133111133333331333111333131131333313313 X
00010 22014123311133113313311311333113133131311311111331313313323333
00010 2211401311311131131311131331111131313131131133113 X
00010 22114023111313311111313311111313133131331113133311311331111311
00010 2221401331313111313313331313113333113133333331313 X
00010 22214021311333113111311313113313333331133313331311313333113331
00010 2231401331313111313113333333111333333331331333133 X
00010 22314023113311131133113133131132333333333333333311313333313311
00010 2241511331311111333313333333311133113331131131313 X
00010 22415123113331113313331311133113333331333313331331311333113111
00010 2251511313311113321311333133331333331331131331313 X
00010 22515123311313133113331111333313113311333333113333133131311333
00010 2261411311133111331131333131313131113131133131113 X
00010 22614123111313111131331311333133113311331111133111311131111331
00010 2271511311331311133313333333111133133131133333333 X
00010 22715123311113131313131111133313133311331113131331313333331133
00010 2281501331313111131111331133331113113111133111313 X
00010 22815023311111113113313311113313333331313311333311311133113131
00010 2291501331313111331311133333113333113331133113313 X
00010 22915023311331113113331311133113133331333313333311313333113131
00010 2301501331313113311331333133311113113331133133313 X
00010 23015023313131113113311133313133333333133111333331313333111331
00010 2311511311113111313133333333311131131111313111113 X
00010 23115123111111111111313331133313333131313113113311313133331331
00010 2321501331313113331111331333311313311333333131313 X
00010 23215023111133133113311111333313333331133131331133333313313331
00010 23315013111331113113311331313133133[3133113313 X
00010 23315023311333111113311311133133133331333113133313311331133131
00010 2341511133313311133313331333313311133111133313313 X
00010 23415123111313113313331311331113313331331313111331311333131331
00010 2351511311133311333333333333331331133111133333333 X
00010 23515123133313113111311311131333133331331113333311311333131331
00010 2361501311113311311311133133111331113133333131113 X
00010 23615023111333133111331331131133131331331113133311311133111331
00010 2371501311313111333313331133311113113111133113313 X
00010 23715023111133113311331311331113313331331313311333311333331331
00010 2381511331333311131333331133311333113133131133333 X
00010 23815123111313113113313113133133333331331113311311311133111111
00010 2391511131311113111111113133311331131311331331313 X
00010 23915121111133131313331111331331311131333311131333131331313131
00010 2401501331331111331311133311313313113131133111313 X
00010 24015023111111131113311331133333133331311313131331313333113111
00010 2411501311333111331331333131311131113331131111313 X
00010 24115023111333113113311311333313133331333313133311313333331331
00010 2421501331313111313111331333331111133331131311313 X
00010 24215023311313113113311311133113333333311313121133313333313331
00010 2431511311311111133331333333111133131111133111313 X
00010 24315123311133113133311313333113333333333331133331313333311331
00010 2441511333313313133331313331311333131311111311313 X
00010 24415123311133133311311311313311333131313313311333333313313313
00010 2451511311311111133333333333131131133111113311333 X
00010 24515123111311133113311311311113131333313113133311313333113331
00010 2461501331313111311331313313331111113331133131333 X
00010 24615023111331113113311311113113333131333113331331313311133331
00010 2471501333331111131313331333311133113331331131113 X
00010 24715023313331113113331331331113333331333313333113313333133331
00010 2481501311113111331331133333311313113333133131313 X
00010 24815023111113113113311331313111333331133111133331313331311331
00010 2491501331133111331331333131311333333333133111313 X
00010 24915023311333133113311331113333333333313313133311313333333311
00010 2501501331331111131331333133331131111331333313313 X
00010 25015023111333113113331311333113333333333333333331313333313333
00010 2511501311313111111311333133311333333333131131313 X
00010 25115023111331113113313311113133333331333313333331313131133331
00010 2521511331111111331311331333313113333331131111313 X
00010 25215123111331113113311311133311133331333113333311313331311331
00010 2531411133133321131111313111133113111131311111111 X
00010 25314123111333111111133131111312313131313111111313131111331313
00010 2541211311311111111133331333111331111111131131111 X
00010 25412121111113111133311311311313311311311111131331311131111331
00010 2551301311311111311331131131111133111313133111311 X
00010 25513021312111123122211111133113333313133111131331313333111313
00010 2561211311333111131331333333311113133131133311313 X
00010 25612123111311113313331311111113131131331113131331311331131331
00010 2571311311113111331131311333331333133331333331113 X
00010 25713121331311333133113331313113131331333331131133331133113332
00010 25812013311311113331331333133311311311331333131313X
00010 25812023113131113113313311113313131311331113131131313131111311
00010 2591301331133111331331333133111313133133131131113 X
00010 25913023113311113113313331113113133131331113133331313133313311
00010 2601201311113131311131333133111133333333331111313 X
00010 26012023311331111111331331311133131331333113133333313333333311
00010 2611201311113111131311131133113133333333333113313 X
00010 26112023113311111113333331333333133331333113131311311331311333
00010 2621201313113131331313113133331311311313131333131 X
00010 26212023131313331113133131333113133113113313131311133313313131
00010 2631211331313311133133333333333113111313133131333 X
00010 26312123131111113331313333331331111113331133133123113132131333
00010 2641211311113111131111331333311131111133111231312 X
00010 26412123111111333113313311333313131331333113131331111131311311
00010 2651211331313111331331331332111113111331131113113 X
00010 26512123111111113111313311333113133331313311311333131333111331
00010 2661211333313111333331333333331333131131333113313 X
00010 26612123131333313113311333311313333333313333331313333333331333
00010 2671211331333111333331133333131311133133133111333 X
00010 26712123133311313113331311331333113131131313331311311131111331
00010 2681211311113111131113333133111131133133133131313 X
00010 26812123111333113113113311131133133311131111333331311131133331
00010 2691201311113111321311331333311313333333113131133 X
00010 26912023311333313131313131113131331131333113333333133133133111
00010 2701301311113111331313131331131313331313131113133 X
00010 27013023111313313113333131313133131331313131333131111312313311
00010 2711311331311111131313133333111131111133131111313 X
00010 27113123111311111113331311133311331331333313133131333333313331
00010 2721311311311311333313331333111111113331133311333 X
00010 27213123131313111111332311331111133331313313111331313333311331
00010 2731311331313111331131333133331113131331133111313 X
00010 27313123111333133111311113313311331333331111311133333333113331
00010 2741301331313311131333333333311133111131131311313 X
00010 27413023111133113313311311113113313131331313111331311333131331
00010 2751301331333111331313333133111133113131131131313 X
00010 27513023131311131113113313113113133311311113131311313333113131
00010 2761301331313111331331333133111333111331133313313 X
00010 27613023111333113113313313311333133333113331311311113333113331
00010 2771301331333131331331222222313113331333133133313 X
00010 27713023111311333113113331113131333331333113333331133131123131
00010 2781301311313111131311333133111311111131131113313 X
00010 27813023111311113113311311333113133331333311131311313333333331
00010 2791301131131113311331133131111313111333131133313 X
00010 27913023111131113113313311133311331331333313113311133133133331
00010 2801301111311111131111331113111133111311131111113 X
00010 28013023311331111113113311333113333331313111331331311133131131
00010 2811311331311111131333331133133133331133131111313 X
00010 28113123111111311113113313133113133311313113131113311131331331
00010 2821311331311111133333333333311133313331133111313 X
00010 28213123311331113113313331333313333333331111331313311333133331
00010 2831301331311111113311333331311131311331133111313 X
00010 28313023311311113111313333113113333331333113333311313131133111
00010 2851311331333311311313331133111111111131131113313 X
00010 28513123111313113111331311331133133331131113131331313133113331
00010 2861311331311111331331313133331113133131133133313 X
00010 28613123111331133113331331333113333331333311331333113333113331
00010 2871301331311111331331322221131133313331313111333 X
00010 28713023111333111111313331113113131331311113131331311331111111
00010 2881301321313111131211331131311113113331131111313 X
00010 28813023111331111111313311113113131331311113131331311331111111
00010 2891311113331313333333333333333333333311111111113 X
00010 28913123333111113333311111333331111111111333331111313131111112
00010 2901311131331113131333331313111131133111133113313 X
00010 29013123111311111113133311311133313131311113133331313133313131
00010 2911211333333311333333333133331131113131333313333 X
00010 29112123131313113313331331331313333331331333311331311333333331
00010 2921211311333111131313131133311131131131331311133 X
00010 29212123111313113113313331331311133331331133131313311333131331
00010 2931201311313111331333333133133331311131133113333 X
00010 29312023311313113113333333331313133331331113111331313133331131
00010 2941211331311131131311133113113131133333133113313 X
00010 29412123313333113113333311133113133331333113133331313133131131
00010 2951111131331111311333131133113311113133133311313 X
00010 29511123111111131111111311111111113311111111111111111111111113
00010 2961211311313311331331333131111313133331333133313 X
00010 29612123333333313111313331313313331131333113133311313133331111
00010 2971211332313111131313331133311333331333331111313 X
00010 29712123111333311113333131333313133333331113131133313131313331
00010 2981101311113131311313131313113313331333131133313 X
00010 29811023113331311111313333111311131131331111133311311133311311
00010 2991201111131113311331113111113333131133333131313 X
00010 29912023311311111133113131333131133131133113133133133131313111
00010 3001201311131113311313333133113333113113333111313 X
00010 30012023111313111133313113133313133333331333131331113133313331
00010 3011101111331111111133331133311113113313133111313 X
00010 30111023111131113111113111133311313133133311333133311331113331
00010 3021201131313111111131333131311313111333111111313 X
00010 30212021311111113311313313113113133331331111331133331333113111
00010 3031111331313111332333131333311113111131133113313 X
00010 30311123113313313113331111331113331331311111131311311333331333
00010 3041101321333111311311133131111333313131131131313 X
00010 30411023311331113113313331133113133333133113333331313333131131
00010 3051201331313111311311133131313313331333111133313 X
00010 30512023111331113113313331113313133131313113331313113131113311
00010 3061211311133111311313133133111331313133131113313 X
00010 30612123311313111313333311333113133331311313133331111331331331
00010 3071201331313111331333133333331133131311331313133 X
00010 30712023111133111113331331333113313331331313131311333333331331
00010 3081101111313111131331313331331133331331313111333 X
00010 30811023111131133111313331133111333131313131333133333113313311
00010 3091101331333111111331131131313331113331113113313 X
00010 30911023111111111111313311113133333331311113133311311333133333
00010 3101211311331113331333333133331311111311133313333 X
00010 31012123111133333113311131313313133331313111331111313333113131
00010 3111111331313113311331333133111331111331133111313 X
00010 31111123111333113113313311131113313331133133331333113133133313
00010 3121101331113113311131333133331133311333133131133 X
00010 31211021111331333113313133313113333333333111333133133333313313
00010 3131211311311111311311133313113131113333131113313 X
00010 31312123311331111133333311131313133311333113131331113131111331
00010 3141101331331111111331133111111131313331131113113 X
00010 31411023313333113111313311133113133331331113131311113133131131
00010 3151111311133111311331133331111333331333133111313 X
00010 31511123111331133111313331131111133331333133131311333133111313
00010 3161111311311111311313133133111111133133131313311 X
00010 31611123131333333113133333333133133333331113333311113131131131
00010 3171211331131111131313331333111131333133331311113 X
00010 31712123311313111113311331331313133331331113113311311133331331
00010 3181211313333111133311333133111131133131131113133 X
00010 31812123311313111113333331131313133331331113111311311133311131
00010 3191301331331111311113331333113133333311131131313 X
00010 31913023111331111113113311133313213311333313131331311331113133
00010 3201301331311111331313333331111133111331133333313 X
00010 32013023111333111131313311113111133333333113133131113333113331
00010 3211201331133111311333133331131133113133131111331 X
00010 32112023131313111113313331331113133331333333133331313113111333
00010 3221201131331111111311331331113133333333131131313 X
00010 32212023111331111113313311111333131331331113131331331133313113
00010 3231211311111131111311131313113131333133131133331 X
00010 32312123111133313133333311331133133131331133133311113131111133
00010 3241211313313311111333333333331313131333333313333 X
00010 32412123311333313113313333133313133333333333331333313333133311
00010 3251301331331111331311131131111131133133131133113 X
00010 32513023111311111113313311133113131331331113133331111133131131
00010 3261201331133111313131333333313133311131131111311 X
00010 32612023111331113131313311111113133331333111133331113133111111
00010 3271201333111111131331131131313113131131131311111 X
00010 32712023111113111111111311111113331133131111133331111331113131
00010 3281311311133311132311133133311113133131331111313 X
00010 32813123111333113113313311331333333331331113331111113133133331
00010 3291301331331111331331333133111133113131331133333 X
00010 32913023311133113113313311111113133331333313131311311333111331
00010 3301311331331111331313131133111133313133133311113 X
00010 33013123111313311113333311331313133311331313131311313331331331
00010 3311311331331311131313331133311113133133131311333 X
00010 33113123111313131113311311313313313331331113331311313333331331
00010 3321311331313111331333333133111133333333333313113 X
00010 33213123111333113113311331331313333331331333331311313131313331
00010 3331311331311111131311331133111331113131131111313 X
00010 33313123111313111113131311131113133331331113131111311131111331
00010 3341301311333111313133333131331133113331333311333 X
00010 33413023111313113113313311133133133333333113131311313333331331
00010 3351201131331313333331133133331111111131333311133 X
00010 33512023111111131111311111131111333333333133311111333313111331
00010 3361301311313111311331333113313133131331333113313 X
00010 33613023311133113113333333113313333333313311331311313333333331
00010 3371311331133111331311333331311313113133313113313 X
00010 33713123111113113113313313313113333311113113331311313333131111
00010 3381211333333313333313333133333131133131331333333 X
00010 33812123111333331113331311331313333313333111131311333333333111
00010 3391201311111111131311131131131333331333311133313 X
00010 33912023113331311111113331111113133111133113133111111131113111
00010 3411201311113311131311131133111131111133131111113 X
00010 34112023111313111111313311131313133331331111133331111133111131
00010 3421311311313111311333331133111133113333131113333 X
00010 34213123111131133113311313131313133333333113333111311331311333
00010 3431211311111121111333111131331331131331133331331 X
00010 34312123311333313133331311333331331133331131331333333113313331
00010 3441301331331111313333331313331311333331113133123 X
00010 34413023111133113113113333333333133333313133111331313311313111
00010 3451211311113311111311333331313113331113133311113 X
00010 34512123113333311313133321131113133331313111133331313133111131
00010 3461311331331111131311331133111131133133131113113 X
00010 34613123111311311111113311111133133111131113133311311131111131
00010 3471411311331111131311333131111133133333131133313 X
00010 34714123111331311111313311113313133331333113131311311131133131
00010 3481311131331111111311333311113333133331133131313 X
00010 34813123111331113113313331133313133131333111131131313131113331
00010 3491411311331111311111331133111131111131131111313 X
00010 34914123111311111113313311131313133331311311111111311133111331
00010 3501411331333111311331313133313333133333131333113 X
00010 35014123111333313113113311331113333311311113333311111133113331
00010 3511311333313111131333131333311313331331333113333 X
00010 35113123111331313313313111333331333331331311133133331133113113
00010 3521301311311111311313333133111111113131133111313 X
00010 35213023311313111113313111331133133131331111111131313113113133
00010 3531401331311111131311331131311111113131131113313 X
00010 35314023111131313111311311111113133131331113133311311131113311
00010 3541401331311111131311331131311111113131131113313 X
00010 35414023111113113111311311111113133131331113133311311131113311
00010 3551301331313111111311133133111113111333131131311 X
00010 35513023111331113111113311113313133131311113133331311131111111
00010 3561311311113111111331333133311331113331131131313 X
00010 35613123111133113113113311131113131331331313131331311133131111
00010 3571411331313311331311333331331133333131333313333 X
00010 35714123331113113113311331333113133333333333331313313333333331
00010 3581311311313111331311333133311333113131133111313 X
00010 35813123111333113113333311331113133331331113333331313333313331
00010 3591401311131111331333133331313333131331113113313 X
00010 35914023111131113111313311113333333311333111333331113131113111
00010 3601411311111112311122133113111113132333311113311 X
00010 36014123113131311131333331133113333131313111333333113233131311
00010 3611301333331313331131333133311313111331131111313 X
00010 36113023111131113113313311133113331313333111331331313333313333
00010 3621301311313111111313331131311113113131131111313 X
00010 36213023111113111111113313131113333331133313113331113333131311
00010 3631311331311111331331331333111333111333131111313 X
00010 36313123111331111113313331113131131331333133131331331133313131
00010 3641311111133111131111131133111331113111133113113 X
00010 36413123111313111113111311133133133331331331131111311333131331
00010 3651311311331111111313333333111331113133131113313 X
00010 36513123111333111113333311333113113331311113131331313133331331
00010 3661411311131131311313131313113131113113131133111 X
00010 36614123113313311333133311131333111311331113133311111133131133
00010 3671401311311111311111133131311111313331133111111 X
00010 36714023111331313111313313113113133331313313133331113133131111
00010 3681211311131111331333313113313131113311131111113 X
00010 36812123111313311113333331133333333311131113133331113331111333
00010 3691311331113111131211333311311113131331131111313 X
00010 36913123111313113113311311111313333133311211131333311331113131
00010 3701401311311111331331131113113333113333133113113 X
00010 37014023111333111113333311133133131331333313131311111333113111
00010 3711401331331111311311333331313133113331133113313 X
00010 37114023111331113113313311333133133333311333131311313133331111
00010 3721301311311111331313331133111133113131131113313 X
00010 37213023111313111113313311331113133331331113131311311333331331
00010 3731401331333113331331333133311331311333133133313 X
00010 37314023113331313113313111333113133311133113331131113131133331
00010 3741411311313111331313331133111131111311131313113 X
00010 37414123111313113113311311133113313331331313133331313331333131
00010 3751511331311111131113311133311133311111131111313 X
00010 37515123111113311113333311133333131111331111131333311111113333
00010 3761501331133111331311133131311113313333131113113 X
00010 37615023111331313113333313331113333331331313131311113331133131
00010 3771411313331111331313333133111331113333331111311 X
00010 37714123111313113113313331331333133331333313131331311131133331
00010 3781511311311111131313131133111111113131131131313 X
00010 37815123111311111113111311131313133331331113131311311133133331
00010 3791511311331111331331131133333133113133131313333 X
00010 37915123311313313113311311113113133313333111311131313131313131
00010 3801411311133111331133333133311311111131131313313 X
00010 38014123111133111111311313133313133331313113111311331133231331
00010 3811501311333111111333133133311131113113133313313 X
00010 38115023111333313113313331331313133331331113133311113133111111
00010 3821401331313111331331333313311133111331133311313 X
00010 38214023111333113113313311313113331331333313333333313133133331
00010 3831401331311111311111131133311311313133131131313 X
00010 38314023111331113133313311111133133131131111133331311131113311
00010 3841401331313111131311333133113113111133131113113 X
00010 38414023111333331113313311133311133331111311333131333133133131
00010 3851511311133311111333133113331133131133333313313 X
00010 38515123311333133113311311333113313333313111113311313333333331
00010 3861401311133111131311131113311333313333131113313 X
00010 38614023111331313113313311131313133331133113133311111131111131
00010 3871401331111131331333313133313333111333333131313 X
00010 38714023111331113113311311133333333333333311333333313133113331
00010 3881501311333111331333333133331131113131133113333 X
00010 38815023111313113113313331333313133331331313113311313333133331
00010 3891501311333311131131331133311331111131131111313 X
00010 38915023131113111113111311131313333331331313131311311313111331
00010 3901501311333113131311133331311331111331133111313 X
00010 39015023111133113111113311133113133331311111331331313133113311
00010 3911411331311133133333133333111313111311131131333 X
00010 39114123111333131133111113133132111333131131131331331331133131
00010 3921511311331111131313331333111331133111331113313 X
00010 39215123331313311113113311331333113333331313111311311333311331
00010 3931501331111111311111331131113313331313133131313 X
00010 39315021111331331111113311113111133131131111331131131111111311
00010 3941201311313111131331333133111131111131133111313 X
00010 39412023111313111113313311331113133331331313111331313133313331
00010 3961411311313111331333311333311131112133133111313 X
00010 39614123331133113111311311331313333331333313311331313333133333
00010 3971311131311313111111111231133113131333331313313 X
00010 39713123111133111113313113113113133321333133131132313133113321
00010 3981311311311111131313331131111111113111131111313 X
00010 39813123111111111113313311111113133111331311111331311131111331
00010 3991301131311113111311133131113311131333111131313 X
00010 39913021311311331131313111111111133111111111131133333131133311
00010 4001311331131111311313211113111113111311331112113 X
00010 40013123111311311113313313133133111333313111131131311331311311
00010 4011311311333131131311331133113133133333131111333 X
00010 40113123311313313111311312131113131331333313113331311133113333
00010 4021311131313113131331333133311333313113131111313 X
00010 40213123111313311113333313133313133131331111111331313131112331
00010 4031301331331111331331333333313113133331333131313 X
00010 40313023111113311313311311333112331333333311331333313133313331
00010 4041301331331111331333333133311133113331333311313 X
00010 40413023113333113113311331333313333331333333331313313333333331
00010 4051311331311111111311331133113131113313131131313 X
00010 40513123113313311113133311331333131331331113133311311131121133
00010 4061211111331111121313331133131131113111331323133 X
00010 40612123131313311113133331131333113331331113131331131313111333
00010 4071301331311331131313333133331113113333131313313 X
00010 40713023111333113113333311333313333331331313331333313133333331
00010 4081201331313111331331333131313113331333113111313 X
00010 40812023111333111111313311313113333131313131333331333133313311
00010 4091311311311111313133313331111311111331311311133 X
00010 40913121111131111333313111313331333311311133331313111313111131
00010 4101311111313133111331333333313333131133131131313 X
00010 41013123111311313113313131131313333331313111333131133131113131
00010 4111201131313111331111333131111133133331131111113 X
00010 41112023111331113113313311133113133131133311331133313313313311
00010 4121201331133111111311133133131133111331131133113 X
00010 41212023311331113113313311133113133333331133333313113133111131
00010 4131311331313111331311331133131131113331331133333 X
00010 41313123111313111133333331333333133333333113333311311133111331
00010 4141301311313111331311333131313113313333333111333 X
00010 41413023111311113113311331133113333331333313131311313131333331
00010 4151301311133111311311333133311331131333333133333 X
00010 41513023113333113113313311333333131333333113133311313131133131
00010 4161201331333111331311333333311133133333333111313 X
00010 41612023111333313113313311313113333333313313333311313333333311
00010 4171301331111111111311131111113311311333131131111 X
00010 41713023111311313111113311111133131131331113133331131133311311
00010 4181301311311111111311333333311131113331311111313 X
00010 41813023111333131111311311333113133333333113333331313131333311
00010 4191201111113133111331133111333333333333313111331 X
00010 41912021133331311131113331113131331131133113333133333131313111
00010 4201311311311111131331131133113131131333131113313 X
00010 42013123111333113113111311331313333331331311133333311331113333
00010 4211201311313111331311133331331133333333133131311 X
00010 42112023311331113111313331313313333131333333311331313133133111
00010 4221211331311111111311331331131313131331313313333 X
00010 42212123131332113111311331331331331331333131111333133133111313
00010 4231301131113111331311133133313133113333133113313 X
00010 42313023311333313113333331133313133331333333331331313133133131
00010 4241311311331111131311333133313133313133131113313 X
00010 42413123111333113113311311131113133131331133133311313113131331
00010 4251401331111131331331333133331313313333331333313 X
00010 42514023311131133113313311311333113331133133333311313133313131
00010 4271401133333333333133131131133331113131111311133 X
00010 42714023133133333333331313131312313131313131313131313131313131
00010 4281311313313311333333331333111113113131131313131 X
00010 42813123311313113113131311313313333311313313131313133133133133
00010 4291301311111333313133311311331331311111311313131 X
00010 42913021333111331331131133311331311113111331111113113111111133
00010 4321411311313133131333333333331313111331333311333 X
00010 43214123111313311313331333313331333133313133313331313133333331
00010 4361311311113111333311331313111131133131111131113 X
00010 43613123111313111131121333311311111311113131333331111311211311
00010 4381301311131111113111131313113131333333113133111 X
00010 43813023313331311111133311113131131333312313333111131113131313
00010 4411401313133333113313131331131311133111313311131 X
00010 44114021333331133111113331313111313131313131313111111311133333
00010 4431401331113111331111331133311113113331133331313 X
00010 44314023131131113113313331313113333333333131333331311133313331
00010 4441401331313111331133313133311113111333133111313 X
00010 44414023311131133133331331333311333333133131333333133111113131
00010 4451301131113111111331133111111113111111311111311 X
00010 44513021111111111111313311113133213111113113131311113131111131
00010 4461501311313111111131333131311133311333133131313 X
00010 44615023311331313111313311113111133131111111133331111133311311
00010 4471411331313111333331331333311133133133331111333 X
00010 44714123331331111111111313331113333331133133111311311111111331
00010 4481501331313113331111331333331113111331131111313 X
00010 44815023111133133113311311333113333331333311311331313113113311
00010 4491411331333111131331133131313133131333133133313 X
00010 44914123111313333131113333133133333311331113131131333133133131
00010 4501501311313111331311333331311313311331333111313 X
00010 45015023111333113113313311133313133331333113131311311133311331
00010 4511501311331111311113131333111311113333133133313 X
00010 45115023111311311113313311133333133331331111333311313133133131
00010 4521501311313111311311333131311113313331133131313 X
00010 45215023111331113133113311113113333131133311333331313333133331
00010 4531401331333111331331333333311113131331333133313 X
00010 45314023311331313111313331313313333331333313333311313133333131
00010 4541501331333111131331333133313331131331133113313 X
00010 45415023311133133313313311133133333333331333333331313113313111
00010 4551501331331111331311333331313113113111131111313 X
00010 45515023113111113111113311113113113331331313131331313133113331
00010 4561501331131111131311131133311133113331131111113 X
00010 45615023111111113113313313311113133333333313333331313133333111
00010 4571401131311113331331333131111311113333133133133 X
00010 45714023313331133131331333333111333333133331133333333333113331
00010 4581501311333111331311333131331133113311131113313 X
00010 45815023131113113113311311133113333333333333113311313123113311
00010 4591501311311111331313333133111133313333133133113 X
00010 45915023111333111113113311133113131331333113131311313133113131
00010 4601501311313111331331333331313133113331333311333 X
00010 46015023111331113113311311333113333331313313333311313333313331
00010 4611501311331111133313333131111131113331133113333 X
00010 46115023113333313113313331333333333333131133131311313131131131
00010 4621501311311311331311333133311133113131133311313 X
00010 46215023111113113113313313311113333331333313331311313333133331
00010 4631501111313113331131333133311133111331333133313 X
00010 46315023111131113113113331113313333333333311333333313313311311
00010 4641111331133311131311331331131333111131333111313 X
00010 46411123111333133111311311133313333131313113333131313331113311
00010 4651111121313112131132313131331313311331333111313 X
00010 46511123113311211113333111333333333332331311331333333311333333
00010 4661111311331111311111131133113333313331311113313 X
00010 46611123311333113113113311313113333331113111131331333133113113
00010 4671211311313111111311333333131311231133131111333 X
00010 46712123111313111113313311311313131331331113133331311133111331
00010 4681111111311311331313333333311133111311333313313 X
00010 46811123111313111313331311133313313311331113111311313331111331
00010 4691111311111131111333331313113131111113331131311 X
00010 46911123111313111113131311331333111311331113133331111131111131
00010 4711211311331111331331333333313331313133131113313 X
00010 47112123111313311113313331311113133331133313131311313133313111
00010 4721101311313111313111311331131113133311313313311 X
00010 47211021111313131113313311131113133331333113131331311131111311
00010 4731111331331111331331333133311333133133133333313 X
00010 47311123311313311311313311311113333331313313131331313333331333
00010 4741101311311311111311333131113133313133131133113 X
00010 47411023111113113113313331111133133331133113133331313131333111
00010 4751201331333113311331131133331133313333131133113 X
00010 47512023111133311113313311113313331131333113131311313131113111
00010 4761101331331111331331333131313113313331131113313 X
00010 47611023111333113113111331333313333331131113331331311133331331
00010 4771201331331111331311333313113113311131133111313 X
00010 47712023111311111333313313111113133331131113333131311133113111
00010 4781101331313111313111331131313133113133133131313 X
00010 47811021111331113111333313113113131333333113331331313333113111
00010 4791201331313111331311333131113113111231131133311 X
00010 47912023111331113111113311113113333111133111131331313133113311
00010 4801101331311111311311331133311333133133133113113 X
00010 48011023111311311113313313131313333333333131331311313331113131
00010 4811111333311311133313333133111333113131131311333 X
00010 48111121331313313313131331331333133133331333131311313313311333
00010 4821111311313111131311333133113131113131131113113 X
00010 48211123111311113113313311131113133331331113132311313333111331
00010 4831111311131111131331333333331333113133331333333 X
00010 48311123331313113111313313133113333331331113131133313133311333
00010 4841101331311111311311333333113133313333133131313 X
00010 48411023111311311113313331133113133331333113333331313133333131
00010 4851111331313113331333333113311131111131333131333 X
00010 48511123111313113113331311333313333331333111311331313333333333
00010 4861101131111111331111333113311313113331133131313 X
00010 48611021111331113133313333313113333331333311331131313131113311
00010 4871201331111111331111333133311313113331133111313 X
00010 48712023111333111113313313333113333331333313331131313133113331
00010 4881101331311111331311331133113133113131131111313 X
00010 48811021111311111111313331111113133331331111331311311131311331
00010 4891101331311111131311333131113133113131133113313 X
00010 48911023111311111113313311131313333311331113111311311333111331
00010 4901201131313111331331333331313113313331333311333 X
00010 49012023331331133131313333113113333333333133331333333333313311
00010 4911201311311111331311331133311131113131131113113 X
00010 49112023111313111113331331331113133331331113111311311333131133
00010 4921301311111111331311333331113113313133133111313 X
00010 49213023311331113131313311133313333331113113331131113133113311
00010 4931211331313111333333331133111133133331133111313 X
00010 49312123111313111113311331131113133131333113331311311331313131
00010 4941211331331111331311333333311131113331331113313 X
00010 49412123111333113113311311331313333131331113131331311133111131
00010 4951311331133311331313331333131131133133131313133 X
00010 49513123131313311131113331111313131311331113113311311333131131
00010 4961211313311313333313133133111133113333331313333 X
00010 49612123131133111113331313331313131331333113131311333311333333
00010 4971211133321323133313133333313113133113313333313 X
00010 49712121111113133313133111311313333331331111111111331311311313
00010 4981211313331311133313331333131331133113211313133 X
00010 49812123131313111113311311331113133313131333131311211333311131
00010 4991211331331111131313333333131133113311331113333 X
00010 49912123131311111111313111311113333331333133111311311333331333
00010 5001211133333313333133113331333311113311313311133 X
00010 50012121333331333313111312113113311133313313333111333113331131
00010 5011311333133311331313331333133333113131331313333 X
00010 50113123131313111313313313311313133133331133313311313333113331
00010 5021311331131111331331133133113133313111133113313 X
00010 50213123111333313113333333333313333331133333331311113333313131
00010 5031301311313113331311333131333313133331133133333 X
00010 50313023113331313113313331131133333333333333333313313333333313
00010 5041301111333111131333333333331111113111331311333 X
00010 50413023111133113113331111333311333333333131111133333133333333
00010 5051211311113111131311333333311113313333131131313 X
00010 50512123111131113133313311133133331311331313313311313113113311
00010 5061211311313111331331333331313113131331333111313 X
00010 50612123311331113111311333333113333131333331331333313113133131
00010 5071201311311111331311331133111131333131133331313 X
00010 50712023111113111313111311113113133133333133133311313133333331
00010 5081211311311111333333333333311333131131133313313 X
00010 50812123111133113113311311333313333131313313111331313333331331
00010 5091211311313311331333333113111133113131131313113 X
00010 50912123111313133313311331311133133131331311113311313333131331
00010 5101211313313321133333333333331111133111311311133 X
00010 51012123331313113313311333331311313313331331111111311311311333
00010 5111311313333311333333333333313333113111133311313 X
00010 51113123131333111113113311131113333331331313311331313333311331
00010 5121311311111111313333331333311133113131331131313 X
00010 51213123131313111111313331333113133333333111311331311333331331
00010 5131311311311311311313331333111131113111131311113 X
00010 51313123111111111113311311131313133331331111111331313133333331
00010 5141311313333311333331333331331311133313331333313 X
00010 51413123131333113313311331313313333333333313111313311333331333
00010 5151301131131111311331333331113133111331311113313 X
00010 51513023111131113111113313113133133133333113331131333131113311
00010 5161311311311111331333131133133333133113331133313 X
00010 51613123311311313113311331333113133133333113133331113133133131
00010 5171301311333111331331331131111133113131333111313 X
00010 51713023331111111313311311331113133333331333111311311333331333
00010 5181411311313111331311331331111131111111131133113 X
00010 51814123111311113113113311313113333131331113333131313131111131
00010 5191311311333313131113131333111111111133131131313 X
00010 51913123311113311113111111331313113333333333131331313331111333
00010 5201401311311113131313333333111131113111131131313 X
00010 52014023111313113113313311331313133331131313131331313133133331
00010 5211301331333113111131313131311133113333133133313 X
00010 52113023311133113113313111131311333331331333133131313333113333
00010 5221301311333111331311313331311113111331131113313 X
00010 52213023111133113113313311133313333333333111333313313331111131
00010 5231301331311111331331333333313333111333331111313 X
00010 52313023111333331111313311133313333133333313331311313333113331
00010 5241301331111111311311133313311131111131133113313 X
00010 52413023111313333113311311313313333333331313313311313333131331
00010 5251401311313111131311333333111133313333331313313 X
00010 52514023111333111111311311331313133331331313133331313133333131
00010 5261301331313111311333333131313133113331133113313 X
00010 52613023313333113113311311113113333333333313331311313313313331
00010 5271401331311111331313333333311131113333133131313 X
00010 52714023111333113113313313113313133333333313131331313133113131
00010 5281311313331111133333333133111113113131131133133 X
00010 52813123111311313313331311333311333131313313331313333133313333
00010 5291411333333313333333333333331333133111333311333 X
00010 52914123111313113313333311133313133331333333311331313333331333
00010 5301411311331131113111331131113333113331131133313 X
00010 53014123111131311111113311111113133111131113133311111131111111
00010 5311411313331111311313331333113313113333131313113 X
00010 53114123111313111113313311133333333331331113131311311133331331
00010 5321311311331133111131131131113311131311331131313 X
00010 53213123111331111113113311133113131111331111131131311131111111
00010 5331411331313113311331333331313333131133133111313 X
00010 53314121311311113133313113113313333133333313331131313113311311
00010 5341311311111111111313131113113131313133131131113 X
00010 53413123111313131113313311131311133311131113131311311131131131
00010 5351401331313113111313331131113133113331131113311 X
00010 53514023111133113111113311111133333131133113311331313333111331
00010 5361411313333311133133333333331131133111333313133 X
00010 53614121131313113313331311331333113331331311311331313333313333
00010 5371511331133113131333333133331331113331333113333 X
00010 53715123331313113113313331331113133333333311333331313333333311
00010 5381511313133311333313331333313131133111133311113 X
00010 53815121331313313113311311331313133331131113133311313333331131
00010 5391511331331311131333333133111333113111333333313 X
00010 53915123111313311113331311331313133333331113133313111333331131
00010 5401401331331111331331333333111111113133133313313 X
00010 54014021311311113113113311131113133331333313331331313333133331
00010 5411401331333111331331333133331133133131131311313 X
00010 54114023111113113113311311133313133333331333311331313333313331
00010 5421411111111111111111131111111111111111131111113 X
00010 54214121111113113111111111111111111111131111111111311131111331
00010 5431411311311111331311331131311113133331131111313 X
00010 54314123111313111111131311133313131131313313131331311331111331
00010 5441511313333312331333333131331331113111333311333 X
00010 54415121331113213313311311331333313333311333311311313311111333
00010 5451501311111111331331333131313313111333133131313 X
00010 54515023111331333131311311313133313113313111333131313131113111
00010 5461401331313111131131333131311133111331131111313 X
00010 54614023111131333111313131113111133131311111331131333131113111
00010 5471511331331111123131331333331333133331333313333 X
00010 54715123331333133313313311331333333331333311313311313333313311
00010 5481401331311111331311333331313133111133133113313 X
00010 54814023111131113111313311113313333333313111131311313133113131
00010 5491411313333311333333331333113133113111131313313 X
00010 54914123131313111313331331331313133331311313111311311331331333
00010 5501511311333311331331331333311133113311333313313 X
00010 55015123111333111313331331331313133333331333111311311333331331
00010 5511411331333111333333333333331133113111333313333 X
00010 55114123131311133313311333331113333333333333311331313331331331
00010 5521511311313311133113113111133131333313131131333 X
00010 55215123131331131113113313311133333111331311133111313113123333
00010 5531401331113111331131333131311111113131131113313 X
00010 55314023111111113111311311133133133331331111131311311333133331
00010 5541511313333312333333333333331331113111333312333 X
00010 55415123331313333313311312331313333331332333313312333333311331
00010 5551501111313111131331333133111131313333133111313 X
00010 55515023111331311131313331133113333331133111333331313333113333
00010 5561501331313111331331331333311131111331131313313 X
00010 55615023311313113313311311331113333331313333111311313333331333
00010 5571411311111111333333331133313311112133331113311 X
00010 55714123111313133313311313131313133331131112133331311131113331
00010 5581401331313111331333313331311131113311331313312 X
00010 55814023131333113111311333331313333331333313331311313333131331
00010 5591401311111112331311132133113333111131331131113 X
00010 55914023111311113133311311333133333333133113133131113131311131
00010 5601511331131111311333333133111333111133131113313 X
00010 56015123111333311113133311131113333331313111131331331131111131
00010 5611501311311111331313331133111131113131131311113 X
00010 56115023121313311113111311333313133331333113133331313333113331
00010 5621501331333111331313333133111333113131133313313 X
00010 56215023311333113113313311333133333331131313133331313131331331
00010 5631401331311111133313331133111131113111331113113 X
00010 56314023111313111113131331331333113133331333311311311331333333
00010 5641411111313113331133333333333131131311333113313 X
00010 56414123131133133113311113333131333331331331311113333313313331
00010 565  01331333111313311333333311133313131333311231 X
00010 565  023113131313113313333333133333331313133333331313133133131
00010 566  11311111111121331331311111131111111311311113 X
00010 566  123131133111113111311131133113333331311113311311331133131
00010 567  01331313111313313333333311133133131333133113 X
00010 567  023313331113113311131333333333131331111333333333333331331
00010 568  01331333111331333333333331333113331133331313 X
00010 568  023311133133113311311333313333333333313333331333331133331
00010 5691401331333131313333333133311133133331333111313 X
00010 56914023311333313113311331333333333331333133333331113133333131
00010 570  01331233111313313331333311131313131131331311 X
00010 570  023131131311313311333131133131331331313311313133333133133
00010 571  01331333111321311333333311113133131133111313 X
00010 571  023111313111113313311311133133331331311311331313333131131
00010 5721401311313311331311333333331133111331333311313 X
00010 57214023111333313313313331133133333133333131331313313313113331
00010 573  11331333111333331333333331133113333333133313 X
00010 573  123311333133131331311333313333331333333333331311333113331
00010 574  11333131133331313131333331313331313133311331 X
00010 574  123113313331313313331131113333331131313111311331313331311
00010 575  01331113111111331133133311313331331333111313 X
00010 575  023111131313131313311111113333133333311133331113133111131
00010 576  11311333311331331333333311133113331131113123 X
00010 576  121211331111113311311331313333331331313131311313333123311
00010 577  01311313111321311331131111132113333131111113 X
00010 577  023113331111111313331113133133331333313113311311333113331
00010 578  01331333111331331333333311333113331333111313 X
00010 578  023311311333133133131333333331333113313313331333333333331
00010 579  11113311313333131333333311313333332333111313 X
00010 579  123313313133113333312113313333331333313111313313333311331
00010 580  11331331111331331333133113313113131133113313 X
00010 580  123331331113113331331333313333333133313131331313331313311
00010 581  01331333111331311333131111113113131133111113 X
00010 581  023111313111111311311111113133331311313133311313331131111
00010 582  11311311311331331133133311133113333133113113 X
00010 582  123311331313113311311131313331331333113333313311133133131
00010 583  01331333111331333333133313333113331133331313 X
00010 583  023111133133113311311333333333331333313333331313331133331
00010 584  11331313111331331333133311133311131131231333 X
00010 584  123111133131111331311333233133331333331113331111331313131
00010 586  11331313113131331333133313113131331333131313 X
00010 586  123111331113113311311333111133333333311333331333333133331
